May 25, 2017	111.69	111.55	111.95	111.52	0.17%
May 24, 2017	111.50	111.75	112.12	111.45	-0.25%
May 23, 2017	111.78	111.29	111.86	110.84	0.43%
May 22, 2017	111.30	111.30	111.62	110.87	0.02%
May 19, 2017	111.28	111.47	111.70	111.02	-0.20%
May 18, 2017	111.50	110.81	111.73	110.21	0.61%
May 17, 2017	110.82	113.11	113.14	110.76	-2.03%
May 16, 2017	113.12	113.77	113.80	112.90	-0.58%
May 15, 2017	113.78	113.18	113.86	113.09	0.39%
May 12, 2017	113.34	113.84	113.97	113.17	-0.46%
May 11, 2017	113.86	114.28	114.39	113.44	-0.37%
May 10, 2017	114.28	113.97	114.36	113.61	0.26%
May 09, 2017	113.98	113.24	114.33	113.11	0.64%
May 08, 2017	113.25	112.97	113.31	112.36	0.47%
May 05, 2017	112.72	112.44	112.83	112.06	0.23%
May 04, 2017	112.46	112.73	113.05	112.29	-0.26%
May 03, 2017	112.75	111.98	112.80	111.93	0.69%
May 02, 2017	111.98	111.83	112.33	111.75	0.13%
May 01, 2017	111.84	111.29	111.93	111.18	0.26%
Apr 28, 2017	111.55	111.23	111.72	111.04	0.25%
Apr 27, 2017	111.27	111.05	111.61	110.99	0.19%
Apr 26, 2017	111.06	111.08	111.80	110.85	-0.03%
Apr 25, 2017	111.09	109.75	111.19	109.57	1.20%
Apr 24, 2017	109.77	110.24	110.64	109.63	0.63%
Apr 21, 2017	109.08	109.31	109.44	108.85	-0.22%
Apr 20, 2017	109.32	108.84	109.49	108.69	0.42%
Apr 19, 2017	108.86	108.40	109.19	108.35	0.41%
Apr 18, 2017	108.42	108.89	109.23	108.29	-0.45%
Apr 17, 2017	108.91	108.66	109.06	108.11	0.25%
Apr 14, 2017	108.64	109.06	109.25	108.52	-0.41%
Apr 13, 2017	109.09	109.00	109.41	108.70	0.06%
Apr 12, 2017	109.03	109.60	109.89	108.93	-0.54%
Apr 11, 2017	109.62	110.92	110.97	109.58	-1.19%
Apr 10, 2017	110.94	111.09	111.58	110.78	-0.12%
Apr 07, 2017	111.07	110.79	111.38	110.11	0.23%
Apr 06, 2017	110.81	110.68	111.14	110.27	0.10%
Apr 05, 2017	110.70	110.74	111.47	110.51	-0.05%
Apr 04, 2017	110.75	110.87	110.97	110.24	-0.13%
Apr 03, 2017	110.89	111.38	111.61	110.82	-0.45%
Mar 31, 2017	111.39	111.90	112.20	111.21	-0.47%
Mar 30, 2017	111.92	111.03	111.97	110.91	0.78%
Mar 29, 2017	111.05	111.12	111.33	110.69	-0.10%
Mar 28, 2017	111.16	110.65	111.22	110.15	0.45%
Mar 27, 2017	110.66	111.22	111.27	110.09	-0.61%
Mar 24, 2017	111.34	110.93	111.50	110.60	0.36%
Mar 23, 2017	110.94	111.15	111.58	110.60	-0.20%
Mar 22, 2017	111.16	111.69	111.81	110.71	-0.50%
Mar 21, 2017	111.72	112.53	112.88	111.53	-0.75%
Mar 20, 2017	112.56	112.69	112.89	112.44	-0.14%
Mar 17, 2017	112.72	113.30	113.50	112.53	-0.52%
Mar 16, 2017	113.31	113.35	113.56	112.89	-0.06%
Mar 15, 2017	113.38	114.72	114.91	113.15	-1.19%
Mar 14, 2017	114.75	114.86	115.20	114.49	-0.11%
Mar 13, 2017	114.88	114.80	114.93	114.46	0.11%
Mar 10, 2017	114.75	114.93	115.51	114.62	-0.17%
Mar 09, 2017	114.94	114.34	115.03	114.29	0.52%
Mar 08, 2017	114.35	113.96	114.77	113.58	0.32%
Mar 07, 2017	113.98	113.87	114.17	113.70	0.08%
Mar 06, 2017	113.89	114.00	114.14	113.53	-0.11%
Mar 03, 2017	114.02	114.39	114.77	113.81	-0.34%
Mar 02, 2017	114.41	113.72	114.61	113.66	0.60%
Mar 01, 2017	113.73	112.76	114.06	112.71	0.84%
Feb 28, 2017	112.78	112.69	112.91	111.67	0.07%
Feb 27, 2017	112.70	112.07	112.86	111.89	0.45%
Feb 24, 2017	112.19	112.60	112.96	111.91	-0.36%
Feb 23, 2017	112.59	113.28	113.47	112.53	-0.63%
Feb 22, 2017	113.30	113.69	113.75	112.88	-0.34%
Feb 21, 2017	113.69	113.06	113.78	113.06	0.52%
Feb 20, 2017	113.10	112.83	113.26	112.75	0.19%
Feb 17, 2017	112.88	113.22	113.53	112.58	-0.31%
Feb 16, 2017	113.23	114.14	114.36	113.06	-0.82%
Feb 15, 2017	114.17	114.22	114.97	113.83	-0.08%
Feb 14, 2017	114.26	113.72	114.50	113.21	0.45%
Feb 13, 2017	113.75	113.31	114.17	113.26	0.47%
Feb 10, 2017	113.22	113.22	113.88	112.84	-0.03%
Feb 09, 2017	113.25	111.93	113.38	111.70	1.17%
Feb 08, 2017	111.94	112.35	112.55	111.61	-0.40%
Feb 07, 2017	112.39	111.73	112.58	111.57	0.57%
Feb 06, 2017	111.75	112.39	112.81	111.60	-0.84%
Feb 03, 2017	112.70	112.77	113.45	112.28	-0.10%
Feb 02, 2017	112.81	113.24	113.36	112.03	-0.39%
Feb 01, 2017	113.25	112.79	113.97	112.61	0.40%
Jan 31, 2017	112.80	113.73	113.97	112.04	-0.86%
Jan 30, 2017	113.78	115.08	115.14	113.43	-1.13%
Jan 27, 2017	115.08	114.51	115.39	114.37	0.48%
Jan 26, 2017	114.53	113.26	114.86	113.02	1.10%
Jan 25, 2017	113.28	113.77	114.00	113.01	-0.46%
Jan 24, 2017	113.80	112.69	113.91	112.49	0.98%
Jan 23, 2017	112.70	114.35	114.45	112.66	-1.68%
Jan 20, 2017	114.62	114.85	115.41	114.19	-0.22%
Jan 19, 2017	114.87	114.62	115.62	114.37	0.17%
Jan 18, 2017	114.67	112.60	114.77	112.55	1.80%
Jan 17, 2017	112.64	114.18	114.30	112.58	-1.37%
Jan 16, 2017	114.20	114.53	114.55	113.65	-0.29%
Jan 13, 2017	114.53	114.70	115.46	114.18	-0.17%
Jan 12, 2017	114.72	115.40	115.53	113.73	-0.60%
Jan 11, 2017	115.41	115.77	116.86	114.23	-0.31%
Jan 10, 2017	115.77	116.01	116.35	115.18	-0.22%
Jan 09, 2017	116.03	116.89	117.53	115.96	-0.76%
Jan 06, 2017	116.92	115.34	117.19	115.04	1.35%
Jan 05, 2017	115.36	117.24	117.44	115.20	-1.63%
Jan 04, 2017	117.27	117.74	118.19	117.02	-0.41%
Jan 03, 2017	117.75	117.53	118.61	117.19	0.19%
Jan 02, 2017	117.53	116.91	117.69	116.71	0.55%
Dec 30, 2016	116.89	116.53	117.22	116.02	0.29%
Dec 29, 2016	116.55	117.23	117.27	116.19	-0.60%
Dec 28, 2016	117.25	117.39	117.83	117.03	-0.14%
Dec 27, 2016	117.42	117.06	117.64	117.04	0.28%
Dec 26, 2016	117.09	117.36	117.40	116.97	-0.22%
Dec 23, 2016	117.35	117.51	117.67	117.14	-0.16%
Dec 22, 2016	117.54	117.55	117.90	117.23	-0.01%
Dec 21, 2016	117.55	117.83	118.07	117.07	-0.28%
Dec 20, 2016	117.88	117.07	118.28	116.95	0.68%
Dec 19, 2016	117.08	117.87	118.03	116.52	-0.77%
Dec 16, 2016	117.99	118.17	118.43	117.44	-0.15%
Dec 15, 2016	118.17	117.03	118.67	116.96	0.96%
Dec 14, 2016	117.05	115.16	117.39	114.74	1.61%
Dec 13, 2016	115.19	115.01	115.50	114.71	0.14%
Dec 12, 2016	115.03	115.22	116.12	114.82	-0.32%
Dec 09, 2016	115.40	114.00	115.40	113.96	1.20%
Dec 08, 2016	114.03	113.71	114.39	113.11	0.23%
Dec 07, 2016	113.77	113.99	114.41	113.38	-0.22%
Dec 06, 2016	114.02	113.84	114.22	113.46	0.16%
Dec 05, 2016	113.84	113.52	114.80	112.84	0.23%
Dec 02, 2016	113.58	114.06	114.25	113.29	-0.45%
Dec 01, 2016	114.09	114.44	114.83	113.79	-0.33%
Nov 30, 2016	114.47	112.38	114.56	112.02	1.85%
Nov 29, 2016	112.39	111.91	113.36	111.58	0.40%
Nov 28, 2016	111.94	113.03	113.12	111.32	-1.01%
Nov 25, 2016	113.08	113.32	113.91	112.53	-0.23%
Nov 24, 2016	113.34	112.48	113.58	112.34	0.73%
Nov 23, 2016	112.52	111.09	112.98	110.81	1.26%
Nov 22, 2016	111.12	110.80	111.36	110.23	0.26%
Nov 21, 2016	110.83	110.89	111.40	110.42	-0.11%
Nov 18, 2016	110.95	110.09	110.98	109.76	0.76%
Nov 17, 2016	110.11	109.04	110.20	108.51	0.94%
Nov 16, 2016	109.08	109.17	109.77	108.76	-0.08%
Nov 15, 2016	109.17	108.40	109.36	107.74	0.69%
Nov 14, 2016	108.42	106.53	108.56	106.51	1.63%
Nov 11, 2016	106.68	106.81	106.94	106.00	-0.14%
Nov 10, 2016	106.83	105.65	106.95	104.95	1.10%
Nov 09, 2016	105.67	105.12	105.91	101.15	0.48%
Nov 08, 2016	105.16	104.44	105.22	104.27	0.66%
Nov 07, 2016	104.47	103.12	104.64	103.08	1.29%
Nov 04, 2016	103.14	102.96	103.37	102.81	0.16%
Nov 03, 2016	102.98	103.29	103.45	102.54	-0.32%
Nov 02, 2016	103.31	104.12	104.19	102.99	-0.82%
Nov 01, 2016	104.16	104.81	105.14	103.78	-0.63%
Oct 31, 2016	104.82	104.68	105.23	104.24	0.11%
Oct 28, 2016	104.70	105.27	105.55	104.46	-0.56%
Oct 27, 2016	105.29	104.45	105.35	104.27	0.78%
Oct 26, 2016	104.47	104.21	104.62	103.99	0.23%
Oct 25, 2016	104.23	104.17	104.88	104.09	0.04%
Oct 24, 2016	104.19	103.84	104.33	103.69	0.35%
Oct 21, 2016	103.83	103.92	104.23	103.50	-0.12%
Oct 20, 2016	103.95	103.43	104.11	103.32	0.49%
Oct 19, 2016	103.44	103.84	103.94	103.15	-0.40%
Oct 18, 2016	103.86	103.87	104.22	103.65	-0.03%
Oct 17, 2016	103.89	104.05	104.39	103.76	-0.29%
Oct 14, 2016	104.19	103.69	104.48	103.58	0.48%
Oct 13, 2016	103.69	104.21	104.64	103.32	-0.49%
Oct 12, 2016	104.20	103.49	104.50	103.25	0.66%
Oct 11, 2016	103.52	103.59	104.08	103.14	-0.09%
Oct 10, 2016	103.61	103.07	103.81	102.78	0.67%
Oct 07, 2016	102.92	103.92	104.05	102.84	-0.98%
Oct 06, 2016	103.94	103.48	104.17	103.32	0.43%
Oct 05, 2016	103.50	102.87	103.67	102.65	0.59%
Oct 04, 2016	102.89	101.62	102.97	101.54	1.23%
Oct 03, 2016	101.64	101.35	101.69	101.19	0.30%
Sep 30, 2016	101.34	101.02	101.77	100.73	0.31%
Sep 29, 2016	101.03	100.67	101.86	100.62	0.36%
Sep 28, 2016	100.67	100.41	100.83	100.23	0.23%
Sep 27, 2016	100.44	100.31	101.00	100.07	0.11%
Sep 26, 2016	100.33	101.03	101.11	100.22	-0.66%
Sep 23, 2016	101.00	100.73	101.25	100.65	0.25%
Sep 22, 2016	100.75	100.31	100.94	100.07	0.44%
Sep 21, 2016	100.31	101.70	102.81	100.28	-1.38%
Sep 20, 2016	101.71	101.93	102.08	101.52	-0.23%
Sep 19, 2016	101.94	102.21	102.42	101.56	-0.35%
Sep 16, 2016	102.30	102.07	102.47	101.72	0.21%
Sep 15, 2016	102.09	102.41	102.75	101.92	-0.32%
Sep 14, 2016	102.42	102.54	103.36	102.22	-0.14%
Sep 13, 2016	102.56	101.85	102.77	101.40	0.69%
Sep 12, 2016	101.86	102.67	102.80	101.54	-0.81%
Sep 09, 2016	102.69	102.47	103.06	101.95	0.19%
Sep 08, 2016	102.50	101.73	102.61	101.39	0.76%
Sep 07, 2016	101.73	102.00	102.14	101.18	-0.28%
Sep 06, 2016	102.02	103.41	103.83	101.91	-1.37%
Sep 05, 2016	103.44	103.94	104.14	103.12	-0.53%
Sep 02, 2016	103.99	103.22	104.33	102.79	0.72%
Sep 01, 2016	103.25	103.41	104.02	103.03	-0.16%
Aug 31, 2016	103.42	102.95	103.53	102.84	0.44%
Aug 30, 2016	102.97	101.90	103.14	101.73	1.03%
Aug 29, 2016	101.92	101.81	102.41	101.81	0.09%
Aug 26, 2016	101.83	100.51	101.94	100.06	1.29%
Aug 25, 2016	100.53	100.42	100.62	100.27	0.09%
Aug 24, 2016	100.44	100.23	100.62	100.07	0.19%
Aug 23, 2016	100.25	100.31	100.41	99.91	-0.08%
Aug 22, 2016	100.33	100.41	100.94	100.19	0.11%
Aug 19, 2016	100.22	99.87	100.46	99.84	0.33%
Aug 18, 2016	99.89	100.26	100.50	99.62	-0.38%
Aug 17, 2016	100.27	100.30	101.18	100.02	-0.04%
Aug 16, 2016	100.31	101.24	101.31	99.53	-0.93%
Aug 15, 2016	101.25	101.20	101.47	100.85	-0.06%
Aug 12, 2016	101.31	101.93	102.28	100.82	-0.63%
Aug 11, 2016	101.95	101.27	102.06	101.00	0.66%
Aug 10, 2016	101.28	101.87	101.97	100.94	-0.60%
Aug 09, 2016	101.89	102.44	102.53	101.76	-0.54%
Aug 08, 2016	102.44	101.71	102.67	101.71	0.62%
Aug 05, 2016	101.81	101.21	102.06	100.84	0.58%
Aug 04, 2016	101.22	101.23	101.67	100.84	-0.01%
Aug 03, 2016	101.23	100.88	101.58	100.72	0.34%
Aug 02, 2016	100.89	102.38	102.83	100.65	-1.46%
Aug 01, 2016	102.39	102.05	102.69	101.98	0.32%
Jul 29, 2016	102.06	105.24	105.34	101.94	-3.05%
Jul 28, 2016	105.27	105.38	105.53	104.50	-0.12%
Jul 27, 2016	105.40	104.64	106.54	104.60	0.71%
Jul 26, 2016	104.66	105.79	105.89	103.98	-1.06%
Jul 25, 2016	105.78	106.19	106.73	105.71	-0.28%
Jul 22, 2016	106.08	105.80	106.39	105.54	0.26%
Jul 21, 2016	105.81	106.84	107.48	105.41	-0.96%
Jul 20, 2016	106.84	106.11	107.03	105.81	0.68%
Jul 19, 2016	106.12	106.14	106.53	105.62	-0.04%
Jul 18, 2016	106.16	105.12	106.26	105.04	1.26%
Jul 15, 2016	104.84	105.33	106.31	104.62	-0.47%
Jul 14, 2016	105.34	104.48	105.95	103.97	0.80%
Jul 13, 2016	104.50	104.67	104.89	103.89	-0.18%
Jul 12, 2016	104.69	102.79	104.97	102.42	1.83%
Jul 11, 2016	102.81	100.43	102.91	100.42	2.25%
Jul 08, 2016	100.55	100.76	101.25	100.02	-0.23%
Jul 07, 2016	100.78	101.31	101.44	100.57	-0.54%
Jul 06, 2016	101.33	101.72	101.78	100.18	-0.38%
Jul 05, 2016	101.72	102.55	102.61	101.43	-0.82%
Jul 04, 2016	102.56	102.51	102.81	102.40	0.03%
Jul 01, 2016	102.53	103.25	103.41	102.40	-0.74%
Jun 30, 2016	103.29	102.80	103.33	102.32	0.45%
Jun 29, 2016	102.83	102.75	102.95	102.15	0.07%
Jun 28, 2016	102.76	101.98	102.85	101.52	0.75%
Jun 27, 2016	102.00	102.09	102.47	101.37	-0.22%
Jun 24, 2016	102.23	106.13	106.85	99.08	-3.70%
Jun 23, 2016	106.16	104.39	106.19	104.09	1.68%
Jun 22, 2016	104.41	104.73	104.86	104.29	-0.32%
Jun 21, 2016	104.75	103.93	105.06	103.57	0.78%
Jun 20, 2016	103.94	104.33	104.86	103.76	-0.17%
Jun 17, 2016	104.12	104.25	104.84	104.07	-0.12%
Jun 16, 2016	104.25	106.00	106.03	103.58	-1.67%
Jun 15, 2016	106.02	106.10	106.39	105.46	-0.08%
Jun 14, 2016	106.11	106.25	106.42	105.60	-0.13%
Jun 13, 2016	106.25	106.90	106.92	105.72	-0.68%
Jun 10, 2016	106.98	107.06	107.28	106.53	-0.10%
Jun 09, 2016	107.09	106.96	107.19	106.24	0.10%
Jun 08, 2016	106.98	107.33	107.39	106.57	-0.35%
Jun 07, 2016	107.36	107.55	107.92	107.14	-0.19%
Jun 06, 2016	107.56	106.43	107.66	106.35	0.97%
Jun 03, 2016	106.53	108.86	109.14	106.48	-2.14%
Jun 02, 2016	108.86	109.52	109.59	108.49	-0.61%
Jun 01, 2016	109.53	110.68	110.83	109.03	-1.07%
May 31, 2016	110.71	111.10	111.37	110.48	-0.38%
May 30, 2016	111.13	110.40	111.45	110.29	0.82%
May 27, 2016	110.23	109.75	110.47	109.45	0.42%
May 26, 2016	109.77	110.17	110.25	109.38	-0.38%
May 25, 2016	110.19	109.98	110.47	109.84	0.18%
May 24, 2016	109.99	109.22	110.12	109.14	0.70%
May 23, 2016	109.23	110.08	110.25	109.08	-0.84%
May 20, 2016	110.15	109.95	110.59	109.83	0.16%
May 19, 2016	109.97	110.18	110.39	109.68	-0.20%
May 18, 2016	110.19	109.12	110.27	108.70	0.96%
May 17, 2016	109.14	109.01	109.66	108.82	0.10%
May 16, 2016	109.03	108.55	109.11	108.43	0.39%
May 13, 2016	108.61	109.00	109.50	108.50	-0.39%
May 12, 2016	109.03	108.41	109.41	108.21	0.56%
May 11, 2016	108.42	109.25	109.39	108.34	-0.78%
May 10, 2016	109.27	108.33	109.36	108.24	0.87%
May 09, 2016	108.33	107.10	108.61	107.00	1.13%
May 06, 2016	107.12	107.25	107.44	106.43	-0.12%
May 05, 2016	107.25	106.99	107.50	106.78	0.21%
May 04, 2016	107.02	106.60	107.47	106.23	0.38%
May 03, 2016	106.61	106.40	106.69	105.52	0.18%
May 02, 2016	106.42	106.27	106.83	106.14	0.06%
Apr 29, 2016	106.36	108.09	108.20	106.27	-1.62%
Apr 28, 2016	108.11	111.47	111.92	107.84	-3.01%
Apr 27, 2016	111.47	111.30	111.77	111.00	0.14%
Apr 26, 2016	111.31	111.19	111.48	110.64	0.10%
Apr 25, 2016	111.20	111.54	111.92	110.82	-0.53%
Apr 22, 2016	111.79	109.45	111.82	109.24	2.14%
Apr 21, 2016	109.45	109.86	109.91	109.29	-0.36%
Apr 20, 2016	109.84	109.19	109.89	108.74	0.59%
Apr 19, 2016	109.20	108.80	109.52	108.73	0.34%
Apr 18, 2016	108.83	108.22	109.00	107.81	0.06%
Apr 15, 2016	108.77	109.37	109.77	108.57	-0.58%
Apr 14, 2016	109.40	109.33	109.57	108.88	0.05%
Apr 13, 2016	109.34	108.53	109.41	108.48	0.73%
Apr 12, 2016	108.55	107.93	108.80	107.84	0.57%
Apr 11, 2016	107.94	108.05	108.44	107.61	-0.11%
Apr 08, 2016	108.06	108.20	109.11	108.01	-0.15%
Apr 07, 2016	108.22	109.78	109.86	107.67	-1.44%
Apr 06, 2016	109.80	110.32	110.64	109.31	-0.48%
Apr 05, 2016	110.33	111.32	111.36	109.94	-0.90%
Apr 04, 2016	111.33	111.68	111.81	111.06	-0.30%
Apr 01, 2016	111.67	112.56	112.59	111.56	-0.81%
Mar 31, 2016	112.58	112.39	112.67	112.08	0.14%
Mar 30, 2016	112.42	112.69	112.81	111.99	-0.24%
Mar 29, 2016	112.69	113.42	113.81	112.58	-0.67%
Mar 28, 2016	113.45	113.08	113.70	113.03	0.34%
Mar 25, 2016	113.07	112.91	113.33	112.73	0.14%
Mar 24, 2016	112.91	112.37	113.02	112.27	0.47%
Mar 23, 2016	112.38	112.36	112.93	112.12	0.00%
Mar 22, 2016	112.38	111.94	112.50	111.36	0.39%
Mar 21, 2016	111.94	111.43	111.98	111.20	0.33%
Mar 18, 2016	111.57	111.38	111.77	110.80	0.16%
Mar 17, 2016	111.39	112.53	112.97	110.65	-1.07%
Mar 16, 2016	112.59	113.14	113.83	112.31	-0.53%
Mar 15, 2016	113.19	113.81	113.94	112.61	-0.56%
Mar 14, 2016	113.83	113.82	114.02	113.48	0.02%
Mar 11, 2016	113.81	113.18	113.92	112.76	0.55%
Mar 10, 2016	113.19	113.34	114.45	112.61	-0.13%
Mar 09, 2016	113.34	112.62	113.48	112.20	0.65%
Mar 08, 2016	112.61	113.45	113.52	112.41	-0.76%
Mar 07, 2016	113.47	113.78	114.09	113.20	-0.25%
Mar 04, 2016	113.76	113.68	114.26	113.15	0.06%
Mar 03, 2016	113.69	113.48	114.28	113.28	0.19%
Mar 02, 2016	113.48	114.00	114.58	113.19	-0.46%
Mar 01, 2016	114.01	112.67	114.21	112.14	1.17%
Feb 29, 2016	112.69	113.84	114.01	112.62	-1.15%
Feb 26, 2016	114.00	112.98	114.00	112.54	0.88%
Feb 25, 2016	113.00	112.17	113.03	111.87	0.72%
Feb 24, 2016	112.19	112.09	112.28	111.04	0.07%
Feb 23, 2016	112.11	112.88	113.06	111.75	-0.72%
Feb 22, 2016	112.92	112.61	113.39	112.34	0.31%
Feb 19, 2016	112.57	113.23	113.40	112.28	-0.60%
Feb 18, 2016	113.25	114.09	114.33	113.11	-0.75%
Feb 17, 2016	114.11	114.06	114.52	113.35	0.03%
Feb 16, 2016	114.08	114.57	114.89	113.57	-0.44%
Feb 15, 2016	114.58	113.20	114.72	113.04	1.20%
Feb 12, 2016	113.22	112.40	113.55	111.72	0.71%
Feb 11, 2016	112.42	113.31	113.59	110.98	-0.81%
Feb 10, 2016	113.34	115.12	115.28	113.12	-1.54%
Feb 09, 2016	115.11	115.84	115.86	114.22	-0.63%
Feb 08, 2016	115.84	116.88	117.53	115.17	-0.91%
Feb 05, 2016	116.90	116.77	117.42	116.42	0.11%
Feb 04, 2016	116.77	117.88	118.25	116.50	-0.98%
Feb 03, 2016	117.92	119.94	120.06	117.03	-1.71%
Feb 02, 2016	119.97	120.98	121.06	119.82	-0.83%
Feb 01, 2016	120.98	121.10	121.48	120.66	-0.07%
Jan 29, 2016	121.06	118.80	121.70	118.48	1.88%
Jan 28, 2016	118.83	118.67	119.00	118.39	0.13%
Jan 27, 2016	118.67	118.41	119.08	118.01	0.21%
Jan 26, 2016	118.42	118.29	118.62	117.63	0.10%
Jan 25, 2016	118.30	118.50	118.86	118.16	-0.40%
Jan 22, 2016	118.78	117.70	118.89	117.52	0.92%
Jan 21, 2016	117.70	116.92	117.83	116.45	0.65%
Jan 20, 2016	116.94	117.61	117.69	115.96	-0.60%
Jan 19, 2016	117.64	117.31	118.13	117.23	0.26%
Jan 18, 2016	117.34	116.88	117.47	116.55	0.24%
Jan 15, 2016	117.06	118.02	118.28	116.49	-0.84%
Jan 14, 2016	118.05	117.66	118.28	117.27	0.31%
Jan 13, 2016	117.69	117.64	118.39	117.61	0.04%
Jan 12, 2016	117.64	117.73	118.08	117.20	-0.11%
Jan 11, 2016	117.77	117.43	118.03	116.68	0.27%
Jan 08, 2016	117.45	117.66	118.77	117.42	-0.20%
Jan 07, 2016	117.68	118.46	118.77	117.30	-0.67%
Jan 06, 2016	118.47	119.05	119.17	118.22	-0.50%
Jan 05, 2016	119.06	119.41	119.71	118.77	-0.32%
Jan 04, 2016	119.44	120.27	120.47	118.68	-0.74%
Jan 01, 2016	120.33	120.27	120.33	120.27	0.01%
Dec 31, 2015	120.32	120.49	120.60	119.98	-0.17%
Dec 30, 2015	120.52	120.46	120.67	120.32	0.04%
Dec 29, 2015	120.47	120.38	120.50	120.20	0.05%
Dec 28, 2015	120.41	120.22	120.66	120.15	-0.01%
Dec 25, 2015	120.42	120.46	120.48	120.02	-0.02%
Dec 24, 2015	120.44	120.90	121.00	120.22	-0.41%
Dec 23, 2015	120.93	121.06	121.14	120.78	-0.12%
Dec 22, 2015	121.08	121.16	121.33	120.70	-0.09%
Dec 21, 2015	121.19	121.21	121.55	120.83	-0.02%
Dec 18, 2015	121.22	122.55	123.60	121.04	-1.09%
Dec 17, 2015	122.56	122.19	122.88	122.17	0.28%
Dec 16, 2015	122.22	121.65	122.42	121.41	0.44%
Dec 15, 2015	121.68	121.02	121.82	120.55	0.54%
Dec 14, 2015	121.03	120.96	121.36	120.32	0.14%
Dec 11, 2015	120.86	121.58	122.22	120.57	-0.61%
Dec 10, 2015	121.60	121.45	121.89	121.23	0.13%
Dec 09, 2015	121.44	122.92	123.06	121.05	-1.20%
Dec 08, 2015	122.92	123.36	123.42	122.69	-0.37%
Dec 07, 2015	123.38	123.20	123.47	123.12	0.17%
Dec 04, 2015	123.17	122.57	123.38	122.44	0.46%
Dec 03, 2015	122.61	123.24	123.58	122.27	-0.52%
Dec 02, 2015	123.25	122.87	123.67	122.80	0.31%
Dec 01, 2015	122.87	123.08	123.29	122.62	-0.19%
Nov 30, 2015	123.10	122.79	123.36	122.66	0.21%
Nov 27, 2015	122.84	122.60	122.89	122.28	0.18%
Nov 26, 2015	122.62	122.68	122.75	122.47	-0.08%
Nov 25, 2015	122.72	122.51	122.95	122.23	0.16%
Nov 24, 2015	122.53	122.83	122.97	122.29	-0.25%
Nov 23, 2015	122.84	122.77	123.28	122.73	-0.06%
Nov 20, 2015	122.91	122.85	123.07	122.70	0.04%
Nov 19, 2015	122.86	123.62	123.64	122.60	-0.63%
Nov 18, 2015	123.64	123.43	123.69	123.19	0.15%
Nov 17, 2015	123.45	123.17	123.50	123.14	0.23%
Nov 16, 2015	123.17	122.32	123.30	122.20	0.43%
Nov 13, 2015	122.64	122.59	123.00	122.43	0.02%
Nov 12, 2015	122.61	122.85	123.09	122.53	-0.19%
Nov 11, 2015	122.84	123.16	123.25	122.73	-0.24%
Nov 10, 2015	123.14	123.17	123.45	123.00	-0.04%
Nov 09, 2015	123.19	123.14	123.61	122.95	0.02%
Nov 06, 2015	123.16	121.74	123.29	121.60	1.16%
Nov 05, 2015	121.75	121.56	122.01	121.35	0.16%
Nov 04, 2015	121.56	121.06	121.73	120.98	0.41%
Nov 03, 2015	121.06	120.73	121.23	120.57	0.26%
Nov 02, 2015	120.75	120.63	120.81	120.24	0.11%
Oct 30, 2015	120.62	121.12	121.47	120.26	-0.42%
Oct 29, 2015	121.13	121.08	121.19	120.56	0.03%
Oct 28, 2015	121.09	120.44	121.28	120.23	0.52%
Oct 27, 2015	120.46	121.10	121.11	120.14	-0.52%
Oct 26, 2015	121.09	121.41	121.53	120.59	-0.31%
Oct 23, 2015	121.47	120.69	121.50	120.21	0.65%
Oct 22, 2015	120.69	119.90	120.79	119.59	0.62%
Oct 21, 2015	119.95	119.83	120.11	119.73	0.09%
Oct 20, 2015	119.84	119.47	119.98	119.38	0.28%
Oct 19, 2015	119.50	119.47	119.58	119.12	0.05%
Oct 16, 2015	119.44	118.88	119.69	118.80	0.46%
Oct 15, 2015	118.89	118.81	119.18	118.04	0.05%
Oct 14, 2015	118.83	119.73	119.81	118.62	-0.77%
Oct 13, 2015	119.75	120.04	120.08	119.53	-0.23%
Oct 12, 2015	120.03	120.24	120.28	119.86	-0.21%
Oct 09, 2015	120.28	119.93	120.38	119.82	0.28%
Oct 08, 2015	119.94	120.00	120.12	119.60	-0.07%
Oct 07, 2015	120.02	120.20	120.36	119.72	-0.19%
Oct 06, 2015	120.25	120.46	120.58	120.08	-0.17%
Oct 05, 2015	120.46	119.97	120.56	119.85	0.46%
Oct 02, 2015	119.91	119.92	120.42	118.67	-0.03%
Oct 01, 2015	119.94	119.85	120.30	119.48	0.07%
Sep 30, 2015	119.86	119.72	120.38	119.54	0.11%
Sep 29, 2015	119.73	119.91	120.17	119.22	-0.16%
Sep 28, 2015	119.92	120.51	120.59	119.67	-0.55%
Sep 25, 2015	120.58	120.06	121.26	119.99	0.42%
Sep 24, 2015	120.08	120.25	120.41	119.21	-0.18%
Sep 23, 2015	120.30	120.12	120.56	119.61	0.12%
Sep 22, 2015	120.15	120.56	120.64	119.68	-0.33%
Sep 21, 2015	120.55	119.79	120.67	119.71	0.46%
Sep 18, 2015	120.00	119.98	120.30	119.03	0.00%
Sep 17, 2015	120.00	120.54	121.02	119.77	-0.46%
Sep 16, 2015	120.56	120.40	120.73	120.08	0.10%
Sep 15, 2015	120.44	120.23	120.67	119.38	0.17%
Sep 14, 2015	120.23	120.58	120.84	119.83	-0.29%
Sep 11, 2015	120.58	120.60	120.99	120.34	-0.02%
Sep 10, 2015	120.61	120.51	121.34	119.95	0.08%
Sep 09, 2015	120.51	119.81	121.22	119.78	0.58%
Sep 08, 2015	119.81	119.27	120.23	118.83	0.44%
Sep 07, 2015	119.28	118.65	119.58	118.65	0.24%
Sep 04, 2015	119.00	120.05	120.19	118.75	-0.90%
Sep 03, 2015	120.08	120.32	120.70	119.62	-0.21%
Sep 02, 2015	120.33	119.37	120.47	119.20	0.80%
Sep 01, 2015	119.38	121.20	121.28	119.26	-1.52%
Aug 31, 2015	121.22	121.65	121.75	120.86	-0.41%
Aug 28, 2015	121.72	121.00	121.73	120.63	0.57%
Aug 27, 2015	121.03	119.90	121.39	119.77	0.93%
Aug 26, 2015	119.92	118.84	120.03	118.43	0.87%
Aug 25, 2015	118.88	118.39	120.41	118.23	0.39%
Aug 24, 2015	118.42	121.68	122.04	116.46	-2.96%
Aug 21, 2015	122.03	123.40	123.50	121.80	-1.12%
Aug 20, 2015	123.41	123.78	124.17	123.31	-0.32%
Aug 19, 2015	123.81	124.39	124.50	123.68	-0.48%
Aug 18, 2015	124.41	124.37	124.53	124.16	0.02%
Aug 17, 2015	124.39	124.39	124.58	124.19	0.06%
Aug 14, 2015	124.31	124.40	124.56	124.02	-0.09%
Aug 13, 2015	124.42	124.18	124.64	124.06	0.17%
Aug 12, 2015	124.21	125.10	125.29	123.77	-0.74%
Aug 11, 2015	125.13	124.61	125.23	124.49	0.40%
Aug 10, 2015	124.63	124.13	124.80	124.12	0.33%
Aug 07, 2015	124.22	124.74	125.08	124.08	-0.42%
Aug 06, 2015	124.74	124.85	124.97	124.52	-0.13%
Aug 05, 2015	124.90	124.38	125.03	123.99	0.41%
Aug 04, 2015	124.39	124.00	124.41	123.77	0.29%
Aug 03, 2015	124.03	124.00	124.30	123.83	0.07%
Jul 31, 2015	123.94	124.15	124.39	123.50	-0.16%
Jul 30, 2015	124.14	123.93	124.58	123.85	0.16%
Jul 29, 2015	123.94	123.56	124.03	123.30	0.31%
Jul 28, 2015	123.56	123.25	123.81	123.04	0.25%
Jul 27, 2015	123.25	123.71	123.86	122.98	-0.46%
Jul 24, 2015	123.82	123.90	124.12	123.57	-0.08%
Jul 23, 2015	123.92	123.94	124.20	123.65	-0.04%
Jul 22, 2015	123.97	123.85	124.17	123.54	0.06%
Jul 21, 2015	123.89	124.26	124.50	123.73	-0.31%
Jul 20, 2015	124.27	124.06	124.39	123.96	0.15%
Jul 17, 2015	124.08	124.15	124.23	123.89	-0.06%
Jul 16, 2015	124.16	123.76	124.19	123.71	0.31%
Jul 15, 2015	123.78	123.36	123.99	123.23	0.32%
Jul 14, 2015	123.38	123.42	123.75	122.91	-0.05%
Jul 13, 2015	123.44	122.00	123.55	122.00	0.56%
Jul 10, 2015	122.75	121.33	122.89	121.25	1.16%
Jul 09, 2015	121.34	120.71	121.58	120.44	0.53%
Jul 08, 2015	120.70	122.52	122.58	120.38	-1.51%
Jul 07, 2015	122.55	122.56	122.89	121.98	-0.02%
Jul 06, 2015	122.58	122.05	122.94	121.72	-0.19%
Jul 03, 2015	122.81	123.03	123.20	122.57	-0.20%
Jul 02, 2015	123.06	123.16	123.75	122.94	-0.09%
Jul 01, 2015	123.17	122.46	123.25	122.33	0.55%
Jun 30, 2015	122.50	122.53	122.73	121.92	-0.03%
Jun 29, 2015	122.54	122.70	123.20	122.10	-1.07%
Jun 26, 2015	123.86	123.60	123.98	123.20	0.19%
Jun 25, 2015	123.62	123.84	123.97	123.30	-0.19%
Jun 24, 2015	123.85	123.93	124.38	123.69	-0.08%
Jun 23, 2015	123.95	123.35	124.19	123.32	0.46%
Jun 22, 2015	123.38	122.81	123.44	122.54	0.58%
Jun 19, 2015	122.67	122.95	123.25	122.53	-0.24%
Jun 18, 2015	122.97	123.42	123.61	122.46	-0.38%
Jun 17, 2015	123.44	123.34	124.45	123.19	0.06%
Jun 16, 2015	123.36	123.41	123.79	123.27	-0.05%
Jun 15, 2015	123.42	123.34	123.67	123.10	0.02%
Jun 12, 2015	123.39	123.39	123.83	123.11	-0.02%
Jun 11, 2015	123.42	122.67	124.15	122.60	0.61%
Jun 10, 2015	122.67	124.32	124.64	122.43	-1.34%
Jun 09, 2015	124.34	124.46	124.75	123.84	-0.11%
Jun 08, 2015	124.48	125.58	125.69	124.28	-0.91%
Jun 05, 2015	125.62	124.35	125.86	124.32	1.00%
Jun 04, 2015	124.38	124.24	124.69	123.76	0.10%
Jun 03, 2015	124.25	124.11	124.69	123.77	0.11%
Jun 02, 2015	124.11	124.76	125.06	123.74	-0.54%
Jun 01, 2015	124.78	124.10	124.93	123.85	0.52%
May 29, 2015	124.14	123.95	124.22	123.58	0.15%
May 28, 2015	123.95	123.61	124.47	123.47	0.23%
May 27, 2015	123.67	123.05	124.08	122.76	0.45%
May 26, 2015	123.11	121.55	123.34	121.48	1.28%
May 25, 2015	121.56	121.48	121.78	121.42	0.01%
May 22, 2015	121.55	121.02	121.58	120.61	0.42%
May 21, 2015	121.04	121.31	121.40	120.82	-0.26%
May 20, 2015	121.36	120.68	121.48	120.56	0.56%
May 19, 2015	120.69	119.98	120.73	119.80	0.58%
May 18, 2015	119.99	119.25	120.04	119.22	0.59%
May 15, 2015	119.29	119.13	119.95	119.13	0.10%
May 14, 2015	119.17	119.15	119.38	118.86	0.01%
May 13, 2015	119.16	119.86	119.99	119.01	-0.58%
May 12, 2015	119.86	120.07	120.28	119.76	-0.18%
May 11, 2015	120.08	119.65	120.17	119.43	0.23%
May 08, 2015	119.81	119.72	120.25	119.58	0.07%
May 07, 2015	119.73	119.43	119.86	119.03	0.22%
May 06, 2015	119.47	119.84	120.08	119.18	-0.32%
May 05, 2015	119.85	120.10	120.54	119.71	-0.24%
May 04, 2015	120.14	120.15	120.31	119.97	-0.02%
May 01, 2015	120.17	119.37	120.30	119.34	0.68%
Apr 30, 2015	119.36	118.98	119.92	118.47	0.27%
Apr 29, 2015	119.04	118.82	119.38	118.58	0.15%
Apr 28, 2015	118.86	119.00	119.22	118.75	-0.15%
Apr 27, 2015	119.04	118.98	119.44	118.75	0.05%
Apr 24, 2015	118.98	119.58	119.67	118.80	-0.50%
Apr 23, 2015	119.58	119.91	120.11	119.40	-0.28%
Apr 22, 2015	119.92	119.65	119.97	119.32	0.21%
Apr 21, 2015	119.67	119.14	119.83	119.14	0.39%
Apr 20, 2015	119.20	118.80	119.45	118.51	0.24%
Apr 17, 2015	118.92	118.99	119.28	118.54	-0.08%
Apr 16, 2015	119.01	119.15	119.49	118.77	-0.12%
Apr 15, 2015	119.15	119.39	119.76	118.76	-0.20%
Apr 14, 2015	119.39	120.10	120.19	119.04	-0.62%
Apr 13, 2015	120.14	120.19	120.88	119.74	-0.07%
Apr 10, 2015	120.22	120.59	120.64	120.03	-0.31%
Apr 09, 2015	120.59	120.12	120.76	119.83	0.37%
Apr 08, 2015	120.14	120.24	120.36	119.62	-0.12%
Apr 07, 2015	120.28	119.52	120.45	119.41	0.63%
Apr 06, 2015	119.53	118.93	119.69	118.77	0.47%
Apr 03, 2015	118.97	119.71	119.80	118.69	-0.63%
Apr 02, 2015	119.72	119.76	119.91	119.42	-0.04%
Apr 01, 2015	119.77	120.10	120.34	119.40	-0.31%
Mar 31, 2015	120.14	120.06	120.38	119.76	0.05%
Mar 30, 2015	120.08	119.12	120.23	119.09	0.79%
Mar 27, 2015	119.14	119.18	119.53	118.91	-0.05%
Mar 26, 2015	119.20	119.48	119.59	118.30	-0.25%
Mar 25, 2015	119.50	119.75	119.85	119.22	-0.21%
Mar 24, 2015	119.75	119.71	120.00	119.21	0.02%
Mar 23, 2015	119.73	120.05	120.17	119.57	-0.25%
Mar 20, 2015	120.03	120.79	121.20	119.88	-0.64%
Mar 19, 2015	120.80	120.09	121.05	119.66	0.57%
Mar 18, 2015	120.11	121.36	121.42	119.38	-1.03%
Mar 17, 2015	121.36	121.32	121.53	121.09	0.02%
Mar 16, 2015	121.33	121.37	121.50	121.07	-0.05%
Mar 13, 2015	121.39	121.27	121.58	121.11	0.07%
Mar 12, 2015	121.30	121.42	121.69	120.67	-0.12%
Mar 11, 2015	121.45	121.11	121.63	120.85	0.26%
Mar 10, 2015	121.14	121.15	122.03	120.91	-0.02%
Mar 09, 2015	121.16	120.80	121.42	120.58	0.26%
Mar 06, 2015	120.84	120.12	121.29	119.88	0.57%
Mar 05, 2015	120.15	119.65	120.41	119.60	0.39%
Mar 04, 2015	119.68	119.72	119.85	119.45	-0.04%
Mar 03, 2015	119.73	120.12	120.27	119.35	-0.33%
Mar 02, 2015	120.13	119.55	120.19	119.55	0.49%
Feb 27, 2015	119.54	119.41	119.82	119.09	0.10%
Feb 26, 2015	119.42	118.86	119.51	118.65	0.47%
Feb 25, 2015	118.86	118.96	119.08	118.59	-0.10%
Feb 24, 2015	118.98	118.81	119.84	118.74	0.14%
Feb 23, 2015	118.81	119.00	119.36	118.71	-0.18%
Feb 20, 2015	119.03	118.93	119.20	118.27	0.08%
Feb 19, 2015	118.94	118.78	119.19	118.45	0.13%
Feb 18, 2015	118.79	119.25	119.42	118.52	-0.39%
Feb 17, 2015	119.25	118.46	119.44	118.21	0.65%
Feb 16, 2015	118.48	118.74	118.87	118.16	-0.23%
Feb 13, 2015	118.75	119.10	119.22	118.40	-0.30%
Feb 12, 2015	119.11	120.45	120.47	118.49	-1.13%
Feb 11, 2015	120.47	119.41	120.50	119.26	0.87%
Feb 10, 2015	119.43	118.61	119.63	118.37	0.67%
Feb 09, 2015	118.64	119.16	119.20	118.31	-0.29%
Feb 06, 2015	118.98	117.51	119.24	117.16	1.23%
Feb 05, 2015	117.53	117.24	117.61	116.99	0.21%
Feb 04, 2015	117.28	117.55	118.00	117.05	-0.25%
Feb 03, 2015	117.57	117.60	117.76	116.86	-0.02%
Feb 02, 2015	117.59	117.45	117.88	116.65	0.12%
Jan 30, 2015	117.45	118.29	118.47	117.28	-0.71%
Jan 29, 2015	118.29	117.53	118.51	117.36	0.63%
Jan 28, 2015	117.55	117.85	118.27	117.25	-0.27%
Jan 27, 2015	117.87	118.45	118.67	117.32	-0.50%
Jan 26, 2015	118.46	117.76	118.51	117.25	0.58%
Jan 23, 2015	117.78	118.48	118.84	117.52	-0.60%
Jan 22, 2015	118.49	117.93	118.67	117.24	0.46%
Jan 21, 2015	117.95	118.79	118.86	117.16	-0.72%
Jan 20, 2015	118.81	117.55	118.89	117.53	1.05%
Jan 19, 2015	117.57	117.60	117.80	116.91	-0.06%
Jan 16, 2015	117.64	116.15	117.78	115.82	1.27%
Jan 15, 2015	116.17	117.32	117.94	116.13	-0.99%
Jan 14, 2015	117.33	117.93	117.97	116.05	-0.51%
Jan 13, 2015	117.93	118.33	118.85	117.53	-0.35%
Jan 12, 2015	118.35	118.50	119.34	118.08	-0.15%
Jan 09, 2015	118.53	119.66	119.91	118.40	-0.94%
Jan 08, 2015	119.66	119.23	119.97	119.13	0.34%
Jan 07, 2015	119.25	118.40	119.64	118.35	0.71%
Jan 06, 2015	118.41	119.61	119.64	118.04	-1.03%
Jan 05, 2015	119.64	120.46	120.64	119.38	-0.71%
Jan 02, 2015	120.50	119.78	120.75	119.71	0.59%
Jan 01, 2015	119.79	119.67	119.87	119.64	0.08%
Dec 31, 2014	119.69	119.46	119.94	119.22	0.18%
Dec 30, 2014	119.48	120.65	120.71	118.84	-0.99%
Dec 29, 2014	120.67	120.37	120.75	120.14	0.22%
Dec 26, 2014	120.41	120.08	120.47	120.08	0.26%
Dec 25, 2014	120.10	120.49	120.52	119.98	-0.33%
Dec 24, 2014	120.50	120.69	120.78	120.24	-0.16%
Dec 23, 2014	120.69	120.05	120.83	119.98	0.52%
Dec 22, 2014	120.06	119.38	120.09	119.29	0.47%
Dec 19, 2014	119.50	118.83	119.64	118.80	0.56%
Dec 18, 2014	118.83	118.62	119.31	118.23	0.14%
Dec 17, 2014	118.66	116.39	118.91	116.29	1.93%
Dec 16, 2014	116.41	117.80	118.03	115.56	-1.21%
Dec 15, 2014	117.83	119.05	119.08	117.54	-0.82%
Dec 12, 2014	118.80	118.64	119.22	118.03	0.11%
Dec 11, 2014	118.67	117.78	119.57	117.43	0.73%
Dec 10, 2014	117.81	119.69	119.92	117.71	-1.57%
Dec 09, 2014	119.69	120.69	121.00	117.93	-0.83%
Dec 08, 2014	120.69	121.44	121.86	120.18	-0.60%
Dec 05, 2014	121.42	119.75	121.69	119.67	1.37%
Dec 04, 2014	119.78	119.79	120.25	119.32	-0.02%
Dec 03, 2014	119.80	119.20	119.89	119.09	0.49%
Dec 02, 2014	119.22	118.39	119.31	118.20	0.70%
Dec 01, 2014	118.39	118.68	119.14	117.86	-0.21%
Nov 28, 2014	118.64	117.70	118.80	117.69	0.80%
Nov 27, 2014	117.70	117.72	117.91	117.22	-0.03%
Nov 26, 2014	117.73	117.98	117.99	117.41	-0.20%
Nov 25, 2014	117.97	118.25	118.58	117.67	-0.26%
Nov 24, 2014	118.28	117.75	118.50	117.55	0.40%
Nov 21, 2014	117.81	118.18	118.38	117.33	-0.35%
Nov 20, 2014	118.22	117.94	118.97	117.72	0.20%
Nov 19, 2014	117.98	116.86	118.06	116.81	0.95%
Nov 18, 2014	116.87	116.64	117.04	116.34	0.19%
Nov 17, 2014	116.65	116.36	117.05	115.44	0.32%
Nov 14, 2014	116.28	115.76	116.83	115.71	0.46%
Nov 13, 2014	115.75	115.47	115.89	115.30	0.23%
Nov 12, 2014	115.48	115.76	116.02	114.88	-0.26%
Nov 11, 2014	115.78	114.85	116.10	114.61	0.80%
Nov 10, 2014	114.86	114.47	114.92	113.84	0.28%
Nov 07, 2014	114.54	115.20	115.47	114.23	-0.58%
Nov 06, 2014	115.21	114.64	115.50	114.11	0.50%
Nov 05, 2014	114.64	113.58	114.86	113.39	0.92%
Nov 04, 2014	113.60	114.04	114.06	113.15	-0.39%
Nov 03, 2014	114.05	112.46	114.22	112.41	1.53%
Oct 31, 2014	112.33	109.21	112.50	109.15	2.86%
Oct 30, 2014	109.21	108.87	109.47	108.73	0.29%
Oct 29, 2014	108.89	108.14	108.97	107.92	0.67%
Oct 28, 2014	108.16	107.81	108.19	107.68	0.32%
Oct 27, 2014	107.81	108.12	108.38	107.58	-0.32%
Oct 24, 2014	108.16	108.26	108.33	107.77	-0.10%
Oct 23, 2014	108.27	107.13	108.36	107.08	1.05%
Oct 22, 2014	107.14	107.00	107.39	106.75	0.13%
Oct 21, 2014	107.00	106.94	107.05	106.22	0.05%
Oct 20, 2014	106.95	106.96	107.41	106.76	0.07%
Oct 17, 2014	106.88	106.30	106.94	106.11	0.52%
Oct 16, 2014	106.33	105.90	106.47	105.49	0.39%
Oct 15, 2014	105.92	107.05	107.52	105.18	-1.06%
Oct 14, 2014	107.06	106.82	107.33	106.65	0.19%
Oct 13, 2014	106.86	107.60	107.66	106.76	-0.75%
Oct 10, 2014	107.67	107.83	108.17	107.60	-0.16%
Oct 09, 2014	107.84	108.06	108.32	107.50	-0.22%
Oct 08, 2014	108.08	108.03	108.73	107.74	0.05%
Oct 07, 2014	108.03	108.78	109.25	107.81	-0.71%
Oct 06, 2014	108.80	109.75	109.87	108.64	-0.88%
Oct 03, 2014	109.77	108.40	109.92	108.32	1.25%
Oct 02, 2014	108.42	108.88	109.14	107.99	-0.43%
Oct 01, 2014	108.89	109.63	110.11	108.84	-0.70%
Sep 30, 2014	109.66	109.48	109.86	109.16	0.16%
Sep 29, 2014	109.48	109.16	109.77	109.11	0.18%
Sep 26, 2014	109.28	108.75	109.53	108.45	0.49%
Sep 25, 2014	108.75	109.02	109.39	108.49	-0.26%
Sep 24, 2014	109.03	108.88	109.17	108.43	0.13%
Sep 23, 2014	108.89	108.81	109.00	108.24	0.05%
Sep 22, 2014	108.84	109.04	109.19	108.64	-0.19%
Sep 19, 2014	109.05	108.65	109.48	108.57	0.31%
Sep 18, 2014	108.71	108.37	108.98	108.29	0.30%
Sep 17, 2014	108.39	107.13	108.40	107.07	1.19%
Sep 16, 2014	107.12	107.16	107.33	106.79	-0.05%
Sep 15, 2014	107.17	107.25	107.38	106.99	-0.15%
Sep 12, 2014	107.33	107.10	107.41	106.94	0.21%
Sep 11, 2014	107.11	106.84	107.20	106.62	0.25%
Sep 10, 2014	106.84	106.17	106.91	106.01	0.61%
Sep 09, 2014	106.19	106.02	106.48	105.91	0.15%
Sep 08, 2014	106.03	105.07	106.09	104.90	0.88%
Sep 05, 2014	105.10	105.24	105.72	104.67	-0.16%
Sep 04, 2014	105.27	104.78	105.37	104.74	0.44%
Sep 03, 2014	104.81	105.09	105.31	104.72	-0.26%
Sep 02, 2014	105.08	104.35	105.20	104.27	0.69%
Sep 01, 2014	104.36	104.03	104.36	104.03	0.27%
Aug 29, 2014	104.08	103.71	104.14	103.62	0.35%
Aug 28, 2014	103.72	103.87	103.94	103.53	-0.13%
Aug 27, 2014	103.86	104.07	104.17	103.75	-0.20%
Aug 26, 2014	104.07	104.04	104.19	103.72	0.01%
Aug 25, 2014	104.06	104.40	104.45	103.84	0.12%
Aug 22, 2014	103.94	103.84	104.20	103.48	0.11%
Aug 21, 2014	103.83	103.75	103.97	103.58	0.08%
Aug 20, 2014	103.75	102.90	103.86	102.86	0.82%
Aug 19, 2014	102.91	102.56	102.94	102.50	0.33%
Aug 18, 2014	102.57	102.20	102.60	102.15	0.21%
Aug 15, 2014	102.36	102.43	102.73	102.12	-0.08%
Aug 14, 2014	102.44	102.43	102.67	102.28	0.01%
Aug 13, 2014	102.43	102.25	102.56	102.20	0.17%
Aug 12, 2014	102.26	102.17	102.37	102.06	0.07%
Aug 11, 2014	102.19	102.05	102.23	101.99	0.13%
Aug 08, 2014	102.06	102.09	102.16	101.49	-0.05%
Aug 07, 2014	102.11	102.09	102.47	101.97	0.00%
Aug 06, 2014	102.11	102.57	102.66	101.77	-0.47%
Aug 05, 2014	102.59	102.56	102.92	102.43	0.00%
Aug 04, 2014	102.59	102.57	102.75	102.38	-0.04%
Aug 01, 2014	102.63	102.78	103.04	102.32	-0.17%
Jul 31, 2014	102.80	102.78	103.00	102.69	0.00%
Jul 30, 2014	102.80	102.12	103.09	102.00	0.66%
Jul 29, 2014	102.13	101.83	102.17	101.79	0.27%
Jul 28, 2014	101.86	101.74	101.91	101.72	0.02%
Jul 25, 2014	101.84	101.81	101.95	101.68	0.03%
Jul 24, 2014	101.81	101.46	101.86	101.38	0.33%
Jul 23, 2014	101.48	101.45	101.56	101.29	0.01%
Jul 22, 2014	101.47	101.37	101.61	101.30	0.07%
Jul 21, 2014	101.40	101.38	101.40	101.16	0.07%
Jul 18, 2014	101.33	101.17	101.45	101.08	0.16%
Jul 17, 2014	101.17	101.65	101.72	101.12	-0.50%
Jul 16, 2014	101.68	101.66	101.80	101.61	-0.01%
Jul 15, 2014	101.69	101.53	101.75	101.42	0.14%
Jul 14, 2014	101.55	101.37	101.64	101.30	0.17%
Jul 11, 2014	101.38	101.33	101.41	101.19	0.05%
Jul 10, 2014	101.33	101.62	101.69	101.04	-0.30%
Jul 09, 2014	101.64	101.56	101.86	101.42	0.06%
Jul 08, 2014	101.58	101.84	101.90	101.46	-0.26%
Jul 07, 2014	101.84	102.03	102.22	101.76	-0.27%
Jul 04, 2014	102.12	102.18	102.24	101.94	-0.07%
Jul 03, 2014	102.19	101.75	102.27	101.73	0.39%
Jul 02, 2014	101.79	101.52	101.86	101.38	0.26%
Jul 01, 2014	101.53	101.32	101.59	101.26	0.20%
Jun 30, 2014	101.33	101.42	101.50	101.21	-0.05%
Jun 27, 2014	101.38	101.72	101.75	101.29	-0.34%
Jun 26, 2014	101.73	101.86	101.86	101.47	-0.15%
Jun 25, 2014	101.88	101.97	101.98	101.60	-0.09%
Jun 24, 2014	101.97	101.93	102.17	101.78	0.02%
Jun 23, 2014	101.95	102.08	102.15	101.78	-0.13%
Jun 20, 2014	102.08	101.94	102.20	101.78	0.14%
Jun 19, 2014	101.94	101.91	102.03	101.71	0.02%
Jun 18, 2014	101.92	102.14	102.33	101.86	-0.22%
Jun 17, 2014	102.14	101.83	102.25	101.78	0.29%
Jun 16, 2014	101.84	102.03	102.11	101.69	-0.23%
Jun 13, 2014	102.07	101.71	102.15	101.63	0.34%
Jun 12, 2014	101.72	102.06	102.17	101.57	-0.35%
Jun 11, 2014	102.08	102.33	102.41	101.84	-0.27%
Jun 10, 2014	102.36	102.52	102.58	102.19	-0.17%
Jun 09, 2014	102.53	102.45	102.66	102.35	0.05%
Jun 06, 2014	102.48	102.39	102.62	102.10	0.09%
Jun 05, 2014	102.39	102.74	102.78	102.32	-0.35%
Jun 04, 2014	102.75	102.50	102.81	102.41	0.24%
Jun 03, 2014	102.50	102.38	102.58	102.24	0.11%
Jun 02, 2014	102.39	101.81	102.50	101.72	0.60%
May 30, 2014	101.78	101.78	101.84	101.48	-0.02%
May 29, 2014	101.80	101.83	101.86	101.41	-0.04%
May 28, 2014	101.84	101.97	102.05	101.62	-0.15%
May 27, 2014	101.99	101.93	102.16	101.70	0.04%
May 26, 2014	101.95	101.94	102.06	101.81	-0.02%
May 23, 2014	101.97	101.72	102.01	101.56	0.24%
May 22, 2014	101.73	101.33	101.83	101.32	0.35%
May 21, 2014	101.38	101.31	101.64	100.80	0.05%
May 20, 2014	101.33	101.51	101.61	101.16	-0.18%
May 19, 2014	101.51	101.51	101.61	101.07	-0.01%
May 16, 2014	101.52	101.55	101.70	101.33	-0.06%
May 15, 2014	101.58	101.88	102.12	101.30	-0.30%
May 14, 2014	101.89	102.25	102.30	101.70	-0.36%
May 13, 2014	102.26	102.12	102.37	102.03	0.14%
May 12, 2014	102.12	101.75	102.19	101.73	0.26%
May 09, 2014	101.86	101.64	101.86	101.52	0.20%
May 08, 2014	101.66	101.90	101.97	101.44	-0.26%
May 07, 2014	101.92	101.67	102.00	101.40	0.23%
May 06, 2014	101.69	102.12	102.19	101.48	-0.44%
May 05, 2014	102.14	102.14	102.27	101.84	-0.05%
May 02, 2014	102.19	102.32	103.03	102.11	-0.15%
May 01, 2014	102.34	102.22	102.38	102.10	0.08%
Apr 30, 2014	102.26	102.61	102.68	102.02	-0.37%
Apr 29, 2014	102.64	102.48	102.81	102.44	0.14%
Apr 28, 2014	102.50	102.15	102.64	102.02	0.32%
Apr 25, 2014	102.17	102.29	102.52	101.94	-0.15%
Apr 24, 2014	102.32	102.53	102.66	102.07	-0.21%
Apr 23, 2014	102.54	102.61	102.70	102.15	-0.08%
Apr 22, 2014	102.62	102.60	102.74	102.38	0.00%
Apr 21, 2014	102.62	102.48	102.71	102.36	0.20%
Apr 18, 2014	102.42	102.37	102.59	102.34	0.03%
Apr 17, 2014	102.39	102.22	102.47	101.85	0.16%
Apr 16, 2014	102.23	101.91	102.38	101.77	0.29%
Apr 15, 2014	101.93	101.82	102.01	101.47	0.09%
Apr 14, 2014	101.84	101.55	102.03	101.39	0.23%
Apr 11, 2014	101.61	101.51	101.89	101.31	0.08%
Apr 10, 2014	101.53	101.96	102.16	101.31	-0.44%
Apr 09, 2014	101.98	101.78	102.17	101.70	0.17%
Apr 08, 2014	101.81	103.09	103.14	101.52	-1.26%
Apr 07, 2014	103.11	103.29	103.42	102.97	-0.16%
Apr 04, 2014	103.28	103.90	104.12	103.17	-0.62%
Apr 03, 2014	103.92	103.87	104.12	103.78	0.04%
Apr 02, 2014	103.88	103.63	103.95	103.56	0.23%
Apr 01, 2014	103.64	103.19	103.72	103.06	0.41%
Mar 31, 2014	103.22	102.82	103.45	102.75	0.40%
Mar 28, 2014	102.81	102.17	103.00	102.01	0.63%
Mar 27, 2014	102.17	102.06	102.44	101.71	0.12%
Mar 26, 2014	102.05	102.23	102.47	101.85	-0.22%
Mar 25, 2014	102.27	102.22	102.48	102.08	0.02%
Mar 24, 2014	102.25	102.23	102.66	102.09	-0.02%
Mar 21, 2014	102.27	102.38	102.48	101.99	-0.13%
Mar 20, 2014	102.40	102.30	102.56	102.17	0.06%
Mar 19, 2014	102.34	101.41	102.69	101.27	0.89%
Mar 18, 2014	101.44	101.75	101.97	101.25	-0.32%
Mar 17, 2014	101.77	101.32	101.88	101.23	0.40%
Mar 14, 2014	101.36	101.83	101.89	101.18	-0.47%
Mar 13, 2014	101.84	102.74	102.87	101.52	-0.90%
Mar 12, 2014	102.77	103.00	103.11	102.53	-0.24%
Mar 11, 2014	103.02	103.24	103.44	102.83	-0.24%
Mar 10, 2014	103.27	102.97	103.42	102.78	-0.01%
Mar 07, 2014	103.28	103.05	103.78	102.81	0.20%
Mar 06, 2014	103.07	102.29	103.17	102.24	0.74%
Mar 05, 2014	102.31	102.20	102.56	102.08	0.10%
Mar 04, 2014	102.21	101.44	102.29	101.37	0.75%
Mar 03, 2014	101.45	101.54	101.67	101.17	-0.35%
Feb 28, 2014	101.81	102.12	102.28	101.53	-0.31%
Feb 27, 2014	102.13	102.36	102.46	101.70	-0.24%
Feb 26, 2014	102.38	102.23	102.64	102.07	0.15%
Feb 25, 2014	102.23	102.50	102.64	101.98	-0.26%
Feb 24, 2014	102.50	102.53	102.70	102.14	-0.03%
Feb 21, 2014	102.53	102.27	102.83	102.24	0.25%
Feb 20, 2014	102.27	102.29	102.42	101.65	-0.06%
Feb 19, 2014	102.33	102.34	102.47	101.83	-0.04%
Feb 18, 2014	102.37	101.93	102.75	101.78	0.42%
Feb 17, 2014	101.94	101.80	102.00	101.37	0.14%
Feb 14, 2014	101.80	102.18	102.43	101.55	-0.36%
Feb 13, 2014	102.17	102.52	102.59	101.68	-0.35%
Feb 12, 2014	102.53	102.62	102.69	102.20	-0.11%
Feb 11, 2014	102.64	102.24	102.70	102.05	0.38%
Feb 10, 2014	102.25	102.28	102.66	101.97	-0.09%
Feb 07, 2014	102.34	102.08	102.58	101.41	0.23%
Feb 06, 2014	102.11	101.43	102.19	101.21	0.66%
Feb 05, 2014	101.44	101.64	101.77	100.77	-0.21%
Feb 04, 2014	101.65	100.98	101.68	100.74	0.65%
Feb 03, 2014	100.99	102.02	102.42	100.76	-1.02%
Jan 31, 2014	102.03	102.71	102.94	101.94	-0.67%
Jan 30, 2014	102.72	102.28	102.92	102.04	0.41%
Jan 29, 2014	102.30	102.94	103.46	101.83	-0.65%
Jan 28, 2014	102.97	102.54	103.27	102.46	0.41%
Jan 27, 2014	102.55	102.37	102.94	101.77	0.24%
Jan 24, 2014	102.30	103.24	103.59	101.98	-0.94%
Jan 23, 2014	103.27	104.50	104.84	102.95	-1.20%
Jan 22, 2014	104.52	104.28	104.58	103.95	0.19%
Jan 21, 2014	104.32	104.18	104.76	104.01	0.13%
Jan 20, 2014	104.18	104.26	104.34	103.84	-0.12%
Jan 17, 2014	104.31	104.33	104.50	104.17	-0.05%
Jan 16, 2014	104.36	104.54	104.94	104.12	-0.19%
Jan 15, 2014	104.56	104.20	104.69	104.06	0.33%
Jan 14, 2014	104.22	102.97	104.28	102.97	1.18%
Jan 13, 2014	103.00	104.09	104.13	102.83	-1.10%
Jan 10, 2014	104.15	104.83	105.12	103.82	-0.65%
Jan 09, 2014	104.83	104.83	105.05	104.55	-0.03%
Jan 08, 2014	104.86	104.58	105.12	104.56	0.23%
Jan 07, 2014	104.62	104.20	104.73	104.16	0.38%
Jan 06, 2014	104.22	104.85	104.94	103.88	-0.61%
Jan 03, 2014	104.86	104.78	104.87	104.05	0.09%
Jan 02, 2014	104.77	105.23	105.44	104.52	-0.46%
Jan 01, 2014	105.25	105.28	105.40	105.18	-0.06%
Dec 31, 2013	105.31	105.13	105.35	104.83	0.14%
Dec 30, 2013	105.16	105.13	105.41	104.95	-0.01%
Dec 27, 2013	105.17	104.79	105.18	104.62	0.34%
Dec 26, 2013	104.81	104.35	104.84	104.35	0.41%
Dec 25, 2013	104.38	104.33	104.49	104.24	0.02%
Dec 24, 2013	104.36	104.09	104.41	104.07	0.24%
Dec 23, 2013	104.11	104.08	104.12	103.75	0.03%
Dec 20, 2013	104.08	104.23	104.63	103.84	-0.16%
Dec 19, 2013	104.25	104.24	104.36	103.78	-0.03%
Dec 18, 2013	104.28	102.65	104.35	102.53	1.57%
Dec 17, 2013	102.67	103.00	103.10	102.47	-0.35%
Dec 16, 2013	103.03	103.19	103.32	102.62	-0.18%
Dec 13, 2013	103.22	103.36	103.92	102.97	-0.15%
Dec 12, 2013	103.38	102.41	103.43	102.35	0.92%
Dec 11, 2013	102.44	102.85	102.94	102.19	-0.39%
Dec 10, 2013	102.84	103.27	103.39	102.55	-0.43%
Dec 09, 2013	103.28	102.90	103.33	102.86	0.36%
Dec 06, 2013	102.91	101.76	102.96	101.61	1.11%
Dec 05, 2013	101.78	102.34	102.44	101.61	-0.57%
Dec 04, 2013	102.36	102.48	102.83	101.81	-0.16%
Dec 03, 2013	102.52	102.93	103.37	101.97	-0.42%
Dec 02, 2013	102.95	102.42	103.13	102.20	0.50%
Nov 29, 2013	102.44	102.30	102.60	102.09	0.12%
Nov 28, 2013	102.32	102.13	102.37	101.91	0.15%
Nov 27, 2013	102.17	101.26	102.19	101.16	0.86%
Nov 26, 2013	101.30	101.67	101.71	101.13	-0.37%
Nov 25, 2013	101.68	101.25	101.91	101.11	0.39%
Nov 22, 2013	101.28	101.15	101.35	100.92	0.12%
Nov 21, 2013	101.16	100.02	101.16	99.98	1.13%
Nov 20, 2013	100.03	100.12	100.23	99.77	-0.12%
Nov 19, 2013	100.15	99.97	100.25	99.55	0.15%
Nov 18, 2013	100.00	100.16	100.39	99.77	-0.19%
Nov 15, 2013	100.19	100.00	100.43	99.93	0.17%
Nov 14, 2013	100.02	99.22	100.15	99.11	0.78%
Nov 13, 2013	99.25	99.60	99.67	99.08	-0.39%
Nov 12, 2013	99.64	99.13	99.79	99.07	0.48%
Nov 11, 2013	99.16	99.16	99.30	98.89	0.08%
Nov 08, 2013	99.08	98.08	99.21	97.96	1.01%
Nov 07, 2013	98.09	98.65	99.41	97.63	-0.58%
Nov 06, 2013	98.66	98.49	98.75	98.38	0.16%
Nov 05, 2013	98.50	98.59	98.67	98.14	-0.11%
Nov 04, 2013	98.61	98.70	98.84	98.51	-0.08%
Nov 01, 2013	98.69	98.33	98.84	97.79	0.34%
Oct 31, 2013	98.36	98.50	98.57	98.07	-0.15%
Oct 30, 2013	98.51	98.17	98.67	98.05	0.33%
Oct 29, 2013	98.19	97.65	98.27	97.43	0.52%
Oct 28, 2013	97.68	97.55	97.79	97.43	0.27%
Oct 25, 2013	97.42	97.27	97.49	96.92	0.14%
Oct 24, 2013	97.28	97.37	97.61	97.15	-0.10%
Oct 23, 2013	97.38	98.12	98.19	97.13	-0.77%
Oct 22, 2013	98.14	98.17	98.48	97.86	-0.05%
Oct 21, 2013	98.19	97.70	98.24	97.66	0.47%
Oct 18, 2013	97.73	97.90	98.15	97.53	-0.18%
Oct 17, 2013	97.91	98.76	99.00	97.71	-0.87%
Oct 16, 2013	98.77	98.15	98.97	98.12	0.61%
Oct 15, 2013	98.17	98.55	98.70	98.07	-0.42%
Oct 14, 2013	98.58	98.07	98.58	98.05	0.00%
Oct 11, 2013	98.58	98.13	98.59	97.90	0.43%
Oct 10, 2013	98.16	97.33	98.27	97.30	0.84%
Oct 09, 2013	97.34	96.86	97.65	96.79	0.47%
Oct 08, 2013	96.88	96.69	97.25	96.55	0.18%
Oct 07, 2013	96.71	97.42	97.44	96.66	-0.78%
Oct 04, 2013	97.47	97.24	97.48	96.93	0.21%
Oct 03, 2013	97.27	97.32	97.87	96.92	-0.09%
Oct 02, 2013	97.36	97.97	98.08	97.12	-0.65%
Oct 01, 2013	98.00	98.19	98.72	97.64	-0.23%
Sep 30, 2013	98.23	97.92	98.46	97.48	-0.03%
Sep 27, 2013	98.26	98.97	99.04	98.07	-0.74%
Sep 26, 2013	98.99	98.44	99.13	98.24	0.56%
Sep 25, 2013	98.44	98.73	98.81	98.35	-0.29%
Sep 24, 2013	98.73	98.83	99.17	98.45	-0.11%
Sep 23, 2013	98.84	99.15	99.36	98.62	-0.47%
Sep 20, 2013	99.31	99.47	99.67	99.14	-0.14%
Sep 19, 2013	99.45	97.93	99.58	97.85	1.54%
Sep 18, 2013	97.94	99.11	99.33	97.75	-1.19%
Sep 17, 2013	99.12	99.04	99.38	98.97	0.04%
Sep 16, 2013	99.08	99.45	99.48	98.53	-0.28%
Sep 13, 2013	99.36	99.54	99.97	99.17	-0.19%
Sep 12, 2013	99.55	99.87	99.99	98.99	-0.33%
Sep 11, 2013	99.88	100.37	100.60	99.77	-0.53%
Sep 10, 2013	100.41	99.56	100.46	99.46	0.83%
Sep 09, 2013	99.58	99.82	100.10	99.32	0.47%
Sep 06, 2013	99.11	100.09	100.22	98.53	-1.01%
Sep 05, 2013	100.12	99.73	100.19	99.55	0.36%
Sep 04, 2013	99.76	99.56	99.82	99.30	0.18%
Sep 03, 2013	99.58	99.32	99.86	99.14	0.25%
Sep 02, 2013	99.33	98.34	99.42	98.25	1.18%
Aug 30, 2013	98.17	98.36	98.47	97.86	-0.18%
Aug 29, 2013	98.35	97.62	98.51	97.43	0.73%
Aug 28, 2013	97.64	97.01	97.83	96.83	0.63%
Aug 27, 2013	97.03	98.50	98.53	96.96	-1.50%
Aug 26, 2013	98.51	98.20	98.84	98.19	-0.24%
Aug 23, 2013	98.75	98.71	99.15	98.38	0.02%
Aug 22, 2013	98.73	97.66	98.80	97.55	1.09%
Aug 21, 2013	97.67	97.25	97.98	97.10	0.40%
Aug 20, 2013	97.28	97.55	97.86	96.88	-0.29%
Aug 19, 2013	97.56	97.51	98.12	97.34	0.03%
Aug 16, 2013	97.53	97.35	97.77	97.03	0.16%
Aug 15, 2013	97.37	98.11	98.64	97.09	-0.78%
Aug 14, 2013	98.14	98.19	98.42	97.84	-0.06%
Aug 13, 2013	98.20	96.88	98.34	96.83	1.33%
Aug 12, 2013	96.91	96.19	96.93	95.92	0.72%
Aug 09, 2013	96.22	96.69	96.96	96.11	-0.53%
Aug 08, 2013	96.73	96.31	96.93	95.79	0.42%
Aug 07, 2013	96.33	97.72	97.80	96.30	-1.45%
Aug 06, 2013	97.75	98.27	98.58	97.51	-0.57%
Aug 05, 2013	98.31	98.88	99.15	98.16	-0.67%
Aug 02, 2013	98.97	99.53	99.94	98.65	-0.58%
Aug 01, 2013	99.55	97.86	99.57	97.63	1.71%
Jul 31, 2013	97.88	98.03	98.52	97.56	-0.15%
Jul 30, 2013	98.03	97.93	98.46	97.74	0.08%
Jul 29, 2013	97.95	98.08	98.33	97.61	-0.34%
Jul 26, 2013	98.28	99.27	99.41	97.94	-1.03%
Jul 25, 2013	99.30	100.23	100.45	98.88	-0.95%
Jul 24, 2013	100.25	99.41	100.43	99.37	0.82%
Jul 23, 2013	99.43	99.65	100.18	99.13	-0.24%
Jul 22, 2013	99.67	100.70	100.71	99.28	-0.97%
Jul 19, 2013	100.65	100.40	100.86	99.83	0.23%
Jul 18, 2013	100.42	99.58	100.65	99.45	0.84%
Jul 17, 2013	99.58	99.07	99.93	99.04	0.49%
Jul 16, 2013	99.09	99.85	100.07	98.88	-0.77%
Jul 15, 2013	99.86	99.30	100.48	99.06	0.65%
Jul 12, 2013	99.22	98.94	99.69	98.66	0.26%
Jul 11, 2013	98.96	99.65	99.86	98.27	-0.71%
Jul 10, 2013	99.67	101.13	101.21	99.41	-1.47%
Jul 09, 2013	101.16	100.94	101.29	100.75	0.19%
Jul 08, 2013	100.97	101.17	101.53	100.77	-0.23%
Jul 05, 2013	101.20	100.03	101.22	99.86	1.15%
Jul 04, 2013	100.05	99.89	100.15	99.47	0.13%
Jul 03, 2013	99.92	100.61	100.85	99.24	-0.71%
Jul 02, 2013	100.63	99.64	100.72	99.48	0.96%
Jul 01, 2013	99.67	99.25	99.86	99.16	0.53%
Jun 28, 2013	99.14	98.33	99.45	98.33	0.79%
Jun 27, 2013	98.36	97.72	98.57	97.54	0.62%
Jun 26, 2013	97.75	97.78	98.23	97.24	-0.06%
Jun 25, 2013	97.81	97.70	98.05	96.96	0.08%
Jun 24, 2013	97.73	97.84	98.70	97.21	-0.17%
Jun 21, 2013	97.90	97.26	98.13	96.84	0.64%
Jun 20, 2013	97.28	96.45	98.28	96.19	0.84%
Jun 19, 2013	96.47	95.31	97.01	94.81	1.20%
Jun 18, 2013	95.33	94.49	95.76	94.43	0.87%
Jun 17, 2013	94.51	94.10	95.21	94.08	0.46%
Jun 14, 2013	94.08	95.35	95.81	93.99	-1.36%
Jun 13, 2013	95.38	96.01	96.08	93.78	-0.68%
Jun 12, 2013	96.03	96.01	97.02	95.13	0.00%
Jun 11, 2013	96.03	98.76	99.04	95.60	-2.77%
Jun 10, 2013	98.77	97.50	99.28	97.40	1.25%
Jun 07, 2013	97.55	96.98	97.75	95.02	0.61%
Jun 06, 2013	96.96	99.03	99.47	95.96	-2.12%
Jun 05, 2013	99.06	100.00	100.43	98.95	-0.97%
Jun 04, 2013	100.03	99.52	100.41	99.30	0.50%
Jun 03, 2013	99.53	100.35	100.72	98.86	-0.95%
May 31, 2013	100.48	100.71	101.27	100.23	-0.25%
May 30, 2013	100.73	101.13	101.80	100.45	-0.43%
May 29, 2013	101.16	102.34	102.52	100.71	-1.19%
May 28, 2013	102.38	100.93	102.50	100.90	1.43%
May 27, 2013	100.94	101.30	101.66	100.72	-0.35%
May 24, 2013	101.29	102.01	102.58	100.68	-0.73%
May 23, 2013	102.03	103.13	103.56	100.82	-1.10%
May 22, 2013	103.16	102.47	103.73	102.33	0.64%
May 21, 2013	102.50	102.24	102.88	102.06	0.22%
May 20, 2013	102.27	102.94	103.09	102.16	-0.91%
May 17, 2013	103.21	102.23	103.30	102.05	0.94%
May 16, 2013	102.25	102.21	102.68	101.82	0.02%
May 15, 2013	102.23	102.34	102.76	101.86	-0.13%
May 14, 2013	102.36	101.79	102.40	101.24	0.52%
May 13, 2013	101.83	101.84	102.14	101.49	0.22%
May 10, 2013	101.61	100.56	101.98	100.52	0.99%
May 09, 2013	100.61	98.99	100.79	98.62	1.63%
May 08, 2013	99.00	98.99	99.15	98.57	-0.02%
May 07, 2013	99.02	99.33	99.43	98.82	-0.32%
May 06, 2013	99.34	99.06	99.45	99.00	0.31%
May 03, 2013	99.03	97.91	99.26	97.87	1.08%
May 02, 2013	97.97	97.37	98.39	97.06	0.60%
May 01, 2013	97.39	97.42	97.67	97.03	-0.03%
Apr 30, 2013	97.42	97.76	98.12	97.01	-0.36%
Apr 29, 2013	97.77	98.03	98.20	97.33	-0.29%
Apr 26, 2013	98.05	99.23	99.41	97.54	-1.21%
Apr 25, 2013	99.25	99.47	99.56	98.95	-0.23%
Apr 24, 2013	99.48	99.47	99.76	99.18	0.01%
Apr 23, 2013	99.47	99.22	99.52	98.47	0.25%
Apr 22, 2013	99.22	99.75	99.88	99.02	-0.30%
Apr 19, 2013	99.52	98.14	99.68	98.08	1.38%
Apr 18, 2013	98.17	98.09	98.52	97.62	0.06%
Apr 17, 2013	98.11	97.53	98.43	97.19	0.58%
Apr 16, 2013	97.54	96.74	98.15	95.93	0.79%
Apr 15, 2013	96.78	97.78	98.70	96.34	-1.65%
Apr 12, 2013	98.40	99.67	99.80	98.09	-1.28%
Apr 11, 2013	99.68	99.77	99.94	99.10	-0.10%
Apr 10, 2013	99.78	99.00	99.87	98.88	0.76%
Apr 09, 2013	99.03	99.34	99.66	98.58	-0.33%
Apr 08, 2013	99.36	97.84	99.38	97.83	1.88%
Apr 05, 2013	97.53	96.32	97.83	95.80	1.24%
Apr 04, 2013	96.34	93.03	96.41	92.72	3.52%
Apr 03, 2013	93.06	93.42	93.69	92.69	-0.41%
Apr 02, 2013	93.44	93.21	93.56	92.54	0.23%
Apr 01, 2013	93.23	94.18	94.37	93.16	-1.05%
Mar 29, 2013	94.22	94.13	94.30	93.96	0.08%
Mar 28, 2013	94.14	94.42	94.49	93.85	-0.32%
Mar 27, 2013	94.44	94.44	94.91	94.02	0.00%
Mar 26, 2013	94.44	94.15	94.61	93.85	0.29%
Mar 25, 2013	94.17	94.31	94.96	93.53	-0.37%
Mar 22, 2013	94.52	94.90	95.13	94.18	-0.39%
Mar 21, 2013	94.89	95.99	96.11	94.56	-1.19%
Mar 20, 2013	96.03	95.16	96.13	94.81	0.91%
Mar 19, 2013	95.16	95.20	95.74	94.71	-0.06%
Mar 18, 2013	95.22	94.10	95.60	94.03	-0.06%
Mar 15, 2013	95.28	96.08	96.27	95.06	-0.86%
Mar 14, 2013	96.11	96.11	96.59	95.66	0.00%
Mar 13, 2013	96.11	96.08	96.25	95.43	0.03%
Mar 12, 2013	96.08	96.26	96.71	95.62	-0.21%
Mar 11, 2013	96.28	95.95	96.36	95.90	0.26%
Mar 08, 2013	96.03	94.79	96.54	94.76	1.27%
Mar 07, 2013	94.83	94.04	95.06	93.77	0.80%
Mar 06, 2013	94.08	93.28	94.11	92.98	0.85%
Mar 05, 2013	93.29	93.46	93.54	92.89	-0.20%
Mar 04, 2013	93.48	93.56	93.72	93.15	-0.12%
Mar 01, 2013	93.59	92.54	93.68	92.41	1.11%
Feb 28, 2013	92.56	92.20	92.85	91.98	0.36%
Feb 27, 2013	92.23	91.95	92.43	91.12	0.27%
Feb 26, 2013	91.98	91.80	92.74	91.13	0.19%
Feb 25, 2013	91.81	93.96	94.76	90.92	-1.71%
Feb 22, 2013	93.41	93.08	93.50	92.90	0.32%
Feb 21, 2013	93.11	93.53	93.86	92.76	-0.48%
Feb 20, 2013	93.56	93.57	94.02	93.11	-0.02%
Feb 19, 2013	93.58	93.95	93.96	93.27	-0.39%
Feb 18, 2013	93.95	93.65	94.20	93.60	0.46%
Feb 15, 2013	93.52	92.86	93.84	92.21	0.69%
Feb 14, 2013	92.88	93.36	93.71	92.65	-0.55%
Feb 13, 2013	93.39	93.46	93.78	92.80	-0.09%
Feb 12, 2013	93.47	94.30	94.40	92.96	-0.91%
Feb 11, 2013	94.33	92.83	94.42	92.34	1.77%
Feb 08, 2013	92.69	93.61	93.74	92.15	-1.00%
Feb 07, 2013	93.63	93.62	93.91	93.06	-0.01%
Feb 06, 2013	93.64	93.61	94.06	93.26	0.01%
Feb 05, 2013	93.63	92.36	93.65	91.96	1.35%
Feb 04, 2013	92.38	92.82	93.18	92.18	-0.37%
Feb 01, 2013	92.72	91.69	92.96	91.59	1.09%
Jan 31, 2013	91.72	91.07	91.77	90.71	0.70%
Jan 30, 2013	91.08	90.73	91.40	90.64	0.39%
Jan 29, 2013	90.73	90.83	91.01	90.30	-0.13%
Jan 28, 2013	90.85	90.90	91.25	90.53	-0.08%
Jan 25, 2013	90.92	90.30	91.19	90.26	0.65%
Jan 24, 2013	90.33	88.60	90.54	88.40	1.94%
Jan 23, 2013	88.61	88.69	88.79	88.03	-0.11%
Jan 22, 2013	88.71	89.58	90.06	88.35	-1.00%
Jan 21, 2013	89.61	89.96	90.25	89.32	-0.52%
Jan 18, 2013	90.08	89.85	90.18	89.61	0.22%
Jan 17, 2013	89.88	88.36	90.10	88.11	1.69%
Jan 16, 2013	88.39	88.80	88.87	87.77	-0.45%
Jan 15, 2013	88.79	89.46	89.63	88.27	-0.76%
Jan 14, 2013	89.47	89.24	89.67	89.05	0.33%
Jan 11, 2013	89.18	88.78	89.44	88.66	0.45%
Jan 10, 2013	88.78	87.86	88.78	87.84	1.02%
Jan 09, 2013	87.88	87.03	88.01	86.81	0.95%
Jan 08, 2013	87.05	87.75	87.82	86.88	-0.83%
Jan 07, 2013	87.78	88.17	88.37	87.60	-0.42%
Jan 04, 2013	88.15	87.21	88.40	87.21	1.05%
Jan 03, 2013	87.23	87.32	87.36	86.74	-0.13%
Jan 02, 2013	87.34	86.67	87.34	86.51	0.75%
Jan 01, 2013	86.69	86.72	86.79	86.53	-0.07%
Dec 31, 2012	86.75	85.78	86.79	85.68	0.85%
Dec 28, 2012	86.02	86.09	86.63	85.92	-0.09%
Dec 27, 2012	86.10	85.62	86.15	85.45	0.54%
Dec 26, 2012	85.64	84.75	85.70	84.72	1.05%
Dec 25, 2012	84.75	84.94	84.95	84.59	-0.22%
Dec 24, 2012	84.94	84.21	84.94	84.20	0.84%
Dec 21, 2012	84.23	84.36	84.44	83.83	-0.18%
Dec 20, 2012	84.38	84.40	84.45	83.83	-0.04%
Dec 19, 2012	84.41	84.20	84.61	84.14	0.25%
Dec 18, 2012	84.20	83.86	84.27	83.79	0.37%
Dec 17, 2012	83.89	84.35	84.48	83.58	0.49%
Dec 14, 2012	83.48	83.64	83.96	83.30	-0.19%
Dec 13, 2012	83.64	83.24	83.67	83.10	0.47%
Dec 12, 2012	83.25	82.51	83.29	82.45	0.88%
Dec 11, 2012	82.52	82.33	82.57	82.27	0.19%
Dec 10, 2012	82.36	82.35	82.63	82.09	-0.15%
Dec 07, 2012	82.48	82.39	82.82	82.15	0.08%
Dec 06, 2012	82.41	82.46	82.61	82.18	-0.07%
Dec 05, 2012	82.47	81.87	82.48	81.76	0.71%
Dec 04, 2012	81.89	82.23	82.26	81.69	-0.44%
Dec 03, 2012	82.25	82.35	82.50	81.97	-0.28%
Nov 30, 2012	82.48	82.10	82.74	82.02	0.44%
Nov 29, 2012	82.12	82.07	82.21	81.89	0.06%
Nov 28, 2012	82.07	82.12	82.21	81.67	-0.09%
Nov 27, 2012	82.14	82.05	82.31	81.83	0.09%
Nov 26, 2012	82.07	82.39	82.62	81.90	-0.42%
Nov 23, 2012	82.42	82.45	82.48	82.05	-0.06%
Nov 22, 2012	82.47	82.51	82.82	82.25	-0.07%
Nov 21, 2012	82.53	81.67	82.55	81.63	1.05%
Nov 20, 2012	81.67	81.41	81.75	81.11	0.31%
Nov 19, 2012	81.42	81.26	81.56	81.06	0.15%
Nov 16, 2012	81.30	81.14	81.44	80.87	0.17%
Nov 15, 2012	81.16	80.22	81.45	80.11	1.13%
Nov 14, 2012	80.25	79.38	80.30	79.36	1.08%
Nov 13, 2012	79.39	79.49	79.64	79.18	-0.14%
Nov 12, 2012	79.50	79.46	79.56	79.34	0.00%
Nov 09, 2012	79.50	79.45	79.60	79.06	0.04%
Nov 08, 2012	79.47	79.98	80.00	79.31	-0.66%
Nov 07, 2012	80.00	80.35	80.40	79.76	-0.45%
Nov 06, 2012	80.36	80.28	80.44	79.95	0.09%
Nov 05, 2012	80.29	80.27	80.56	80.12	-0.22%
Nov 02, 2012	80.47	80.12	80.67	80.10	0.41%
Nov 01, 2012	80.14	79.76	80.20	79.75	0.46%
Oct 31, 2012	79.77	79.60	79.95	79.49	0.16%
Oct 30, 2012	79.64	79.78	79.99	79.25	-0.21%
Oct 29, 2012	79.81	79.63	79.84	79.51	0.20%
Oct 26, 2012	79.65	80.29	80.36	79.48	-0.81%
Oct 25, 2012	80.30	79.78	80.34	79.74	0.61%
Oct 24, 2012	79.81	79.84	79.91	79.68	-0.06%
Oct 23, 2012	79.86	79.94	79.99	79.69	-0.10%
Oct 22, 2012	79.94	79.30	79.96	79.19	0.78%
Oct 19, 2012	79.32	79.26	79.43	79.11	0.05%
Oct 18, 2012	79.28	78.91	79.45	78.90	0.43%
Oct 17, 2012	78.94	78.88	79.04	78.59	0.06%
Oct 16, 2012	78.89	78.62	78.96	78.61	0.32%
Oct 15, 2012	78.64	78.39	78.86	78.30	0.25%
Oct 12, 2012	78.44	78.31	78.53	78.27	0.14%
Oct 11, 2012	78.33	78.18	78.58	77.92	0.18%
Oct 10, 2012	78.19	78.25	78.37	78.11	-0.08%
Oct 09, 2012	78.25	78.32	78.43	78.14	-0.10%
Oct 08, 2012	78.33	78.66	78.76	78.06	-0.43%
Oct 05, 2012	78.67	78.46	78.87	78.26	0.24%
Oct 04, 2012	78.48	78.48	78.71	78.29	-0.03%
Oct 03, 2012	78.50	78.14	78.58	78.11	0.44%
Oct 02, 2012	78.16	77.98	78.21	77.95	0.21%
Oct 01, 2012	78.00	77.89	78.14	77.77	0.10%
Sep 28, 2012	77.92	77.57	78.10	77.41	0.40%
Sep 27, 2012	77.61	77.73	77.75	77.55	-0.18%
Sep 26, 2012	77.75	77.78	77.88	77.57	-0.06%
Sep 25, 2012	77.80	77.85	77.92	77.64	-0.08%
Sep 24, 2012	77.86	78.15	78.17	77.79	-0.40%
Sep 21, 2012	78.17	78.23	78.37	78.08	-0.10%
Sep 20, 2012	78.25	78.36	78.46	78.00	-0.17%
Sep 19, 2012	78.38	78.80	79.21	78.24	-0.56%
Sep 18, 2012	78.82	78.70	78.87	78.49	0.15%
Sep 17, 2012	78.70	78.37	78.92	78.14	0.40%
Sep 14, 2012	78.39	77.47	78.39	77.44	1.16%
Sep 13, 2012	77.49	77.83	77.87	77.11	-0.46%
Sep 12, 2012	77.85	77.76	77.96	77.71	0.10%
Sep 11, 2012	77.77	78.27	78.28	77.67	-0.65%
Sep 10, 2012	78.28	78.22	78.33	78.15	0.01%
Sep 07, 2012	78.27	78.85	79.01	78.00	-0.75%
Sep 06, 2012	78.86	78.36	79.02	78.36	0.60%
Sep 05, 2012	78.39	78.39	78.53	78.29	-0.04%
Sep 04, 2012	78.42	78.24	78.46	78.23	0.20%
Sep 03, 2012	78.26	78.37	78.39	78.18	-0.17%
Aug 31, 2012	78.39	78.60	78.65	78.18	-0.29%
Aug 30, 2012	78.62	78.68	78.74	78.46	-0.10%
Aug 29, 2012	78.70	78.49	78.78	78.46	0.24%
Aug 28, 2012	78.51	78.74	78.77	78.43	-0.30%
Aug 27, 2012	78.75	78.64	78.84	78.61	0.10%
Aug 24, 2012	78.67	78.46	78.72	78.43	0.24%
Aug 23, 2012	78.48	78.56	78.69	78.34	-0.13%
Aug 22, 2012	78.58	79.26	79.36	78.33	-0.88%
Aug 21, 2012	79.28	79.40	79.52	79.20	-0.18%
Aug 20, 2012	79.42	79.48	79.66	79.30	-0.18%
Aug 17, 2012	79.56	79.31	79.57	79.20	0.28%
Aug 16, 2012	79.34	78.99	79.39	78.89	0.43%
Aug 15, 2012	79.00	78.72	79.04	78.57	0.34%
Aug 14, 2012	78.73	78.30	78.93	78.28	0.52%
Aug 13, 2012	78.32	78.22	78.37	78.14	0.05%
Aug 10, 2012	78.28	78.55	78.64	78.14	-0.36%
Aug 09, 2012	78.56	78.41	78.79	78.27	0.18%
Aug 08, 2012	78.42	78.59	78.65	78.21	-0.24%
Aug 07, 2012	78.61	78.24	78.73	78.12	0.46%
Aug 06, 2012	78.25	78.46	78.63	78.13	-0.29%
Aug 03, 2012	78.48	78.23	78.77	78.03	0.32%
Aug 02, 2012	78.23	78.44	78.53	78.11	-0.27%
Aug 01, 2012	78.44	78.10	78.50	77.91	0.40%
Jul 31, 2012	78.13	78.17	78.30	78.02	-0.06%
Jul 30, 2012	78.18	78.44	78.54	78.10	-0.31%
Jul 27, 2012	78.42	78.21	78.67	78.05	0.26%
Jul 26, 2012	78.22	78.15	78.31	78.01	0.06%
Jul 25, 2012	78.17	78.16	78.27	78.04	-0.03%
Jul 24, 2012	78.19	78.37	78.38	78.08	-0.26%
Jul 23, 2012	78.39	78.43	78.52	77.95	-0.13%
Jul 20, 2012	78.49	78.57	78.80	78.42	-0.13%
Jul 19, 2012	78.59	78.78	78.82	78.42	-0.28%
Jul 18, 2012	78.81	79.03	79.14	78.74	-0.33%
Jul 17, 2012	79.07	78.85	79.17	78.77	0.27%
Jul 16, 2012	78.86	79.23	79.28	78.67	-0.45%
Jul 13, 2012	79.22	79.27	79.39	79.07	-0.10%
Jul 12, 2012	79.30	79.72	79.94	79.16	-0.56%
Jul 11, 2012	79.75	79.40	79.78	79.11	0.39%
Jul 10, 2012	79.44	79.54	79.59	79.18	-0.18%
Jul 09, 2012	79.58	79.65	79.74	79.41	-0.11%
Jul 06, 2012	79.67	79.91	80.01	79.48	-0.28%
Jul 05, 2012	79.89	79.86	80.09	79.54	0.06%
Jul 04, 2012	79.84	79.80	79.89	79.56	0.00%
Jul 03, 2012	79.84	79.48	79.93	79.40	0.43%
Jul 02, 2012	79.50	79.89	79.96	79.29	-0.39%
Jun 29, 2012	79.81	79.41	79.99	79.14	0.45%
Jun 28, 2012	79.45	79.67	79.75	79.21	-0.33%
Jun 27, 2012	79.71	79.50	79.87	79.32	0.26%
Jun 26, 2012	79.50	79.61	79.78	79.22	-0.21%
Jun 25, 2012	79.67	80.46	80.59	79.41	-0.93%
Jun 22, 2012	80.42	80.21	80.56	79.99	0.19%
Jun 21, 2012	80.27	79.45	80.33	79.36	0.94%
Jun 20, 2012	79.52	78.99	79.67	78.77	0.73%
Jun 19, 2012	78.94	79.10	79.11	78.83	-0.23%
Jun 18, 2012	79.12	78.90	79.29	78.84	0.51%
Jun 15, 2012	78.72	79.39	79.51	78.59	-0.84%
Jun 14, 2012	79.39	79.41	79.47	79.14	-0.03%
Jun 13, 2012	79.41	79.54	79.74	79.27	-0.16%
Jun 12, 2012	79.54	79.39	79.68	79.13	0.15%
Jun 11, 2012	79.42	79.55	79.71	79.34	-0.09%
Jun 08, 2012	79.49	79.66	79.75	79.09	-0.19%
Jun 07, 2012	79.64	79.22	79.78	79.18	0.52%
Jun 06, 2012	79.23	78.71	79.26	78.58	0.58%
Jun 05, 2012	78.77	78.31	78.84	78.09	0.55%
Jun 04, 2012	78.34	78.07	78.41	77.96	0.41%
Jun 01, 2012	78.02	78.35	78.64	77.65	-0.43%
May 31, 2012	78.36	79.08	79.13	78.20	-0.92%
May 30, 2012	79.09	79.52	79.56	78.85	-0.54%
May 29, 2012	79.52	79.45	79.63	79.36	0.06%
May 28, 2012	79.47	79.66	79.66	79.31	-0.26%
May 25, 2012	79.68	79.56	79.81	79.47	0.14%
May 24, 2012	79.57	79.46	79.63	79.31	0.13%
May 23, 2012	79.47	79.95	80.07	79.20	-0.64%
May 22, 2012	79.98	79.28	80.14	79.25	0.84%
May 21, 2012	79.31	79.17	79.45	79.08	0.35%
May 18, 2012	79.03	79.32	79.45	78.97	-0.40%
May 17, 2012	79.35	80.30	80.39	79.12	-1.20%
May 16, 2012	80.31	80.18	80.55	80.17	0.15%
May 15, 2012	80.19	79.83	80.33	79.78	0.36%
May 14, 2012	79.90	79.95	80.18	79.66	-0.08%
May 11, 2012	79.96	79.86	80.00	79.71	0.05%
May 10, 2012	79.92	79.65	80.02	79.58	0.35%
May 09, 2012	79.64	79.89	79.93	79.41	-0.30%
May 08, 2012	79.88	79.88	80.07	79.68	-0.04%
May 07, 2012	79.91	79.75	79.99	79.64	0.08%
May 04, 2012	79.85	80.17	80.35	79.78	-0.47%
May 03, 2012	80.23	80.14	80.55	80.11	0.12%
May 02, 2012	80.14	80.23	80.61	80.06	-0.11%
May 01, 2012	80.23	79.94	80.30	79.64	0.36%
Apr 30, 2012	79.94	80.36	80.37	79.74	-0.41%
Apr 27, 2012	80.27	81.07	81.44	80.22	-0.99%
Apr 26, 2012	81.07	81.32	81.42	80.67	-0.31%
Apr 25, 2012	81.32	81.40	81.69	81.08	-0.10%
Apr 24, 2012	81.40	81.09	81.44	80.86	0.38%
Apr 23, 2012	81.09	81.60	81.60	80.97	-0.53%
Apr 20, 2012	81.52	81.63	81.78	81.48	-0.13%
Apr 19, 2012	81.63	81.32	81.74	81.27	0.38%
Apr 18, 2012	81.32	81.07	81.56	81.01	0.31%
Apr 17, 2012	81.06	80.41	81.11	80.37	0.82%
Apr 16, 2012	80.41	80.92	81.00	80.30	-0.63%
Apr 13, 2012	80.92	80.95	81.19	80.83	-0.03%
Apr 12, 2012	80.94	81.00	81.13	80.74	-0.07%
Apr 11, 2012	81.00	80.68	81.12	80.59	0.40%
Apr 10, 2012	80.68	81.65	81.86	80.65	-1.18%
Apr 09, 2012	81.64	81.30	81.67	81.23	0.00%
Apr 06, 2012	81.64	82.22	82.56	81.33	-0.70%
Apr 05, 2012	82.21	82.42	82.45	81.83	-0.27%
Apr 04, 2012	82.44	82.85	82.94	82.10	-0.49%
Apr 03, 2012	82.85	81.63	82.99	81.63	1.48%
Apr 02, 2012	81.64	82.89	83.30	81.56	-1.48%
Mar 30, 2012	82.87	82.29	82.88	81.84	0.70%
Mar 29, 2012	82.29	82.84	82.87	81.92	-0.66%
Mar 28, 2012	82.85	83.07	83.18	82.61	-0.28%
Mar 27, 2012	83.07	83.02	83.38	82.64	0.07%
Mar 26, 2012	83.02	82.60	83.04	82.56	0.81%
Mar 23, 2012	82.35	82.53	82.95	81.99	-0.22%
Mar 22, 2012	82.53	83.20	83.47	82.33	-0.80%
Mar 21, 2012	83.20	83.67	84.10	83.14	-0.57%
Mar 20, 2012	83.67	83.38	83.83	83.32	0.35%
Mar 19, 2012	83.38	83.46	83.57	83.02	-0.08%
Mar 16, 2012	83.44	83.50	83.94	83.19	-0.07%
Mar 15, 2012	83.50	83.84	84.18	83.20	-0.40%
Mar 14, 2012	83.83	82.96	83.91	82.96	1.06%
Mar 13, 2012	82.96	82.38	83.08	81.97	0.71%
Mar 12, 2012	82.38	82.35	82.43	82.11	-0.13%
Mar 09, 2012	82.48	81.60	82.64	81.48	1.09%
Mar 08, 2012	81.60	81.36	81.73	81.18	0.29%
Mar 07, 2012	81.36	80.64	81.36	80.59	0.89%
Mar 06, 2012	80.64	81.53	81.57	80.59	-1.09%
Mar 05, 2012	81.53	81.62	81.79	81.16	-0.33%
Mar 02, 2012	81.80	81.09	81.87	81.09	0.88%
Mar 01, 2012	81.09	81.29	81.32	80.84	-0.24%
Feb 29, 2012	81.29	80.49	81.38	80.26	1.00%
Feb 28, 2012	80.48	80.47	80.79	80.02	0.01%
Feb 27, 2012	80.47	81.48	81.49	80.14	-0.90%
Feb 24, 2012	81.20	79.94	81.22	79.94	1.57%
Feb 23, 2012	79.95	80.27	80.34	79.86	-0.41%
Feb 22, 2012	80.27	79.85	80.40	79.78	0.52%
Feb 21, 2012	79.85	79.62	79.86	79.56	0.30%
Feb 20, 2012	79.62	79.79	79.79	79.36	0.07%
Feb 17, 2012	79.56	78.83	79.61	78.83	0.92%
Feb 16, 2012	78.83	78.50	78.96	78.37	0.42%
Feb 15, 2012	78.50	78.41	78.66	78.18	0.12%
Feb 14, 2012	78.41	77.52	78.54	77.51	1.15%
Feb 13, 2012	77.52	77.71	77.78	77.37	-0.12%
Feb 10, 2012	77.61	77.66	77.81	77.52	-0.06%
Feb 09, 2012	77.66	77.07	77.73	77.04	0.76%
Feb 08, 2012	77.07	76.77	77.19	76.72	0.39%
Feb 07, 2012	76.77	76.57	76.96	76.53	0.27%
Feb 06, 2012	76.57	76.57	76.80	76.50	-0.05%
Feb 03, 2012	76.61	76.18	76.74	76.14	0.55%
Feb 02, 2012	76.19	76.20	76.24	76.05	-0.01%
Feb 01, 2012	76.20	76.27	76.35	76.02	-0.10%
Jan 31, 2012	76.27	76.38	76.42	76.16	-0.13%
Jan 30, 2012	76.38	76.74	76.78	76.22	-0.42%
Jan 27, 2012	76.69	77.47	77.47	76.65	-1.00%
Jan 26, 2012	77.47	77.79	77.81	77.30	-0.39%
Jan 25, 2012	77.78	77.69	78.28	77.56	0.13%
Jan 24, 2012	77.68	77.00	77.85	76.96	0.88%
Jan 23, 2012	77.00	76.97	77.08	76.87	-0.02%
Jan 20, 2012	77.02	77.08	77.30	76.92	-0.07%
Jan 19, 2012	77.08	76.79	77.32	76.70	0.37%
Jan 18, 2012	76.79	76.82	76.87	76.65	-0.04%
Jan 17, 2012	76.82	76.83	76.88	76.56	-0.01%
Jan 16, 2012	76.83	76.93	76.94	76.70	-0.18%
Jan 13, 2012	76.96	76.79	77.01	76.67	0.22%
Jan 12, 2012	76.79	76.87	76.98	76.67	-0.10%
Jan 11, 2012	76.87	76.86	77.04	76.84	0.02%
Jan 10, 2012	76.86	76.88	76.91	76.78	-0.02%
Jan 09, 2012	76.88	76.94	77.01	76.77	-0.12%
Jan 06, 2012	76.96	77.17	77.34	76.96	-0.27%
Jan 05, 2012	77.17	76.72	77.25	76.66	0.58%
Jan 04, 2012	76.72	76.74	76.83	76.61	-0.02%
Jan 03, 2012	76.74	76.95	76.96	76.63	-0.28%
Jan 02, 2012	76.95	77.04	77.07	76.86	0.08%
Dec 30, 2011	76.89	77.67	77.74	76.88	-1.01%
Dec 29, 2011	77.67	77.95	77.95	77.59	-0.35%
Dec 28, 2011	77.95	77.88	78.04	77.57	0.08%
Dec 27, 2011	77.88	78.01	78.03	77.80	-0.16%
Dec 26, 2011	78.01	78.09	78.09	77.98	-0.10%
Dec 23, 2011	78.08	78.17	78.23	78.00	-0.11%
Dec 22, 2011	78.17	78.08	78.21	78.00	0.11%
Dec 21, 2011	78.08	77.86	78.11	77.69	0.29%
Dec 20, 2011	77.86	78.02	78.06	77.72	-0.20%
Dec 19, 2011	78.02	77.82	78.16	77.80	0.32%
Dec 16, 2011	77.77	77.85	77.96	77.62	-0.11%
Dec 15, 2011	77.85	78.12	78.13	77.74	-0.35%
Dec 14, 2011	78.12	77.97	78.15	77.93	0.20%
Dec 13, 2011	77.97	77.96	78.02	77.65	0.01%
Dec 12, 2011	77.96	77.62	78.00	77.59	0.44%
Dec 09, 2011	77.61	77.68	77.78	77.50	-0.09%
Dec 08, 2011	77.68	77.68	77.80	77.14	0.00%
Dec 07, 2011	77.68	77.75	77.79	77.63	-0.09%
Dec 06, 2011	77.75	77.81	77.86	77.64	-0.07%
Dec 05, 2011	77.81	78.10	78.10	77.69	-0.23%
Dec 02, 2011	77.99	77.77	78.08	77.73	0.29%
Dec 01, 2011	77.77	77.60	77.81	77.49	0.22%
Nov 30, 2011	77.60	77.97	78.16	77.30	-0.48%
Nov 29, 2011	77.97	78.09	78.29	77.63	-0.15%
Nov 28, 2011	78.09	77.68	78.24	77.58	0.47%
Nov 25, 2011	77.73	77.18	77.79	77.18	0.70%
Nov 24, 2011	77.18	77.28	77.28	77.02	-0.13%
Nov 23, 2011	77.28	76.98	77.58	76.93	0.39%
Nov 22, 2011	76.98	76.94	77.32	76.84	0.05%
Nov 21, 2011	76.94	76.85	76.99	76.76	0.05%
Nov 18, 2011	76.90	76.97	77.03	76.58	-0.10%
Nov 17, 2011	76.97	77.07	77.08	76.92	-0.13%
Nov 16, 2011	77.07	77.09	77.15	76.86	-0.02%
Nov 15, 2011	77.09	77.10	77.50	76.91	-0.01%
Nov 14, 2011	77.10	77.18	77.25	76.82	-0.06%
Nov 11, 2011	77.14	77.66	77.67	77.05	-0.67%
Nov 10, 2011	77.66	77.77	77.87	77.51	-0.14%
Nov 09, 2011	77.77	77.71	77.89	77.54	0.09%
Nov 08, 2011	77.71	78.08	78.09	77.61	-0.48%
Nov 07, 2011	78.08	78.16	78.18	77.99	-0.19%
Nov 04, 2011	78.24	78.06	78.27	77.99	0.22%
Nov 03, 2011	78.06	78.15	78.17	77.90	-0.11%
Nov 02, 2011	78.15	78.31	78.32	77.96	-0.20%
Nov 01, 2011	78.31	78.32	78.98	78.02	-0.02%
Oct 31, 2011	78.32	75.76	79.53	75.58	3.30%
Oct 28, 2011	75.82	75.98	76.00	75.68	-0.20%
Oct 27, 2011	75.98	76.18	76.28	75.66	-0.26%
Oct 26, 2011	76.18	76.12	76.32	75.72	0.08%
Oct 25, 2011	76.12	76.20	76.30	75.75	-0.11%
Oct 24, 2011	76.20	76.42	76.44	75.99	-0.11%
Oct 21, 2011	76.29	76.88	76.88	75.82	-0.77%
Oct 20, 2011	76.88	76.84	77.09	76.68	0.05%
Oct 19, 2011	76.84	76.78	76.86	76.66	0.08%
Oct 18, 2011	76.78	76.84	76.91	76.63	-0.08%
Oct 17, 2011	76.84	77.22	77.46	76.60	-0.48%
Oct 14, 2011	77.21	76.90	77.45	76.86	0.40%
Oct 13, 2011	76.90	77.10	77.22	76.68	-0.26%
Oct 12, 2011	77.10	76.71	77.49	76.32	0.52%
Oct 11, 2011	76.71	76.67	76.76	76.60	0.05%
Oct 10, 2011	76.67	76.80	76.86	76.57	-0.09%
Oct 07, 2011	76.73	76.69	76.91	76.59	0.06%
Oct 06, 2011	76.69	76.79	76.84	76.57	-0.13%
Oct 05, 2011	76.79	76.83	77.07	76.62	-0.06%
Oct 04, 2011	76.83	76.62	76.98	76.54	0.28%
Oct 03, 2011	76.62	77.20	77.21	76.52	-0.56%
Sep 30, 2011	77.05	76.73	77.20	76.50	0.42%
Sep 29, 2011	76.73	76.54	77.03	76.42	0.25%
Sep 28, 2011	76.54	76.70	76.71	76.34	-0.21%
Sep 27, 2011	76.70	76.44	76.93	76.27	0.34%
Sep 26, 2011	76.44	76.66	76.76	76.23	-0.20%
Sep 23, 2011	76.60	76.26	76.89	76.15	0.44%
Sep 22, 2011	76.26	76.63	76.93	76.11	-0.48%
Sep 21, 2011	76.63	76.40	76.74	76.12	0.30%
Sep 20, 2011	76.40	76.68	76.76	76.36	-0.37%
Sep 19, 2011	76.68	76.96	76.98	76.33	-0.15%
Sep 16, 2011	76.80	76.72	76.97	76.68	0.10%
Sep 15, 2011	76.72	76.72	77.30	76.56	0.00%
Sep 14, 2011	76.72	76.95	77.06	76.60	-0.29%
Sep 13, 2011	76.95	77.19	77.25	76.81	-0.32%
Sep 12, 2011	77.19	77.47	77.59	76.76	-0.51%
Sep 09, 2011	77.59	77.56	77.86	77.10	0.03%
Sep 08, 2011	77.56	77.35	77.60	77.14	0.27%
Sep 07, 2011	77.35	77.53	77.55	77.08	-0.23%
Sep 06, 2011	77.53	76.93	77.73	76.72	0.78%
Sep 05, 2011	76.93	76.85	76.98	76.69	0.16%
Sep 02, 2011	76.81	76.89	76.97	76.55	-0.10%
Sep 01, 2011	76.89	76.76	77.24	76.71	0.16%
Aug 31, 2011	76.76	76.72	76.84	76.43	0.05%
Aug 30, 2011	76.72	76.95	76.95	76.62	-0.29%
Aug 29, 2011	76.95	76.76	77.02	76.58	0.37%
Aug 26, 2011	76.67	77.40	77.46	76.50	-0.95%
Aug 25, 2011	77.40	77.02	77.70	76.84	0.50%
Aug 24, 2011	77.02	76.66	77.08	76.48	0.48%
Aug 23, 2011	76.66	76.93	76.93	76.47	-0.35%
Aug 22, 2011	76.93	76.85	77.19	76.56	0.50%
Aug 19, 2011	76.55	76.64	76.97	75.97	-0.12%
Aug 18, 2011	76.64	76.62	76.71	76.45	0.02%
Aug 17, 2011	76.62	76.74	76.80	76.41	-0.16%
Aug 16, 2011	76.74	76.82	76.93	76.65	-0.10%
Aug 15, 2011	76.82	76.87	77.08	76.59	0.17%
Aug 12, 2011	76.68	76.94	77.02	76.52	-0.33%
Aug 11, 2011	76.94	76.82	77.22	76.31	0.16%
Aug 10, 2011	76.82	77.14	77.15	76.36	-0.42%
Aug 09, 2011	77.14	77.68	77.71	76.71	-0.68%
Aug 08, 2011	77.68	78.25	78.34	77.50	-1.01%
Aug 05, 2011	78.47	79.08	79.41	78.33	-0.77%
Aug 04, 2011	79.08	77.14	80.24	77.01	2.51%
Aug 03, 2011	77.14	77.30	77.38	76.79	-0.21%
Aug 02, 2011	77.30	77.57	77.78	76.96	-0.35%
Aug 01, 2011	77.57	77.35	78.04	76.31	1.05%
Jul 29, 2011	76.76	77.83	77.87	76.74	-1.37%
Jul 28, 2011	77.83	77.94	78.03	77.63	-0.15%
Jul 27, 2011	77.94	77.99	78.17	77.58	-0.07%
Jul 26, 2011	77.99	78.31	78.56	77.83	-0.40%
Jul 25, 2011	78.31	78.39	78.55	78.06	-0.30%
Jul 22, 2011	78.54	78.56	78.72	78.29	-0.02%
Jul 21, 2011	78.56	78.82	79.02	78.23	-0.33%
Jul 20, 2011	78.82	79.18	79.32	78.71	-0.46%
Jul 19, 2011	79.18	79.04	79.28	78.82	0.17%
Jul 18, 2011	79.04	79.07	79.18	78.95	-0.11%
Jul 15, 2011	79.14	79.01	79.28	78.99	0.16%
Jul 14, 2011	79.01	78.86	79.60	78.47	0.18%
Jul 13, 2011	78.86	79.46	79.57	78.66	-0.75%
Jul 12, 2011	79.46	80.34	80.36	78.49	-1.11%
Jul 11, 2011	80.34	80.68	80.83	80.11	-0.37%
Jul 08, 2011	80.64	81.27	81.48	80.51	-0.77%
Jul 07, 2011	81.27	80.88	81.41	80.80	0.48%
Jul 06, 2011	80.88	81.08	81.10	80.77	-0.25%
Jul 05, 2011	81.08	80.79	81.19	80.79	0.36%
Jul 04, 2011	80.79	80.83	80.87	80.54	-0.06%
Jul 01, 2011	80.83	80.71	81.14	80.56	0.16%
Jun 30, 2011	80.71	80.75	80.86	80.27	-0.05%
Jun 29, 2011	80.75	81.05	81.19	80.58	-0.38%
Jun 28, 2011	81.05	80.77	81.27	80.66	0.36%
Jun 27, 2011	80.77	80.47	80.98	80.47	0.41%
Jun 24, 2011	80.43	80.50	80.61	80.13	-0.08%
Jun 23, 2011	80.50	80.37	80.79	80.34	0.15%
Jun 22, 2011	80.37	80.25	80.42	80.02	0.15%
Jun 21, 2011	80.25	80.21	80.33	80.06	0.05%
Jun 20, 2011	80.21	80.17	80.36	80.03	0.20%
Jun 17, 2011	80.05	80.58	80.68	80.01	-0.67%
Jun 16, 2011	80.58	80.85	81.03	80.49	-0.33%
Jun 15, 2011	80.85	80.51	81.06	80.39	0.42%
Jun 14, 2011	80.51	80.20	80.65	80.11	0.39%
Jun 13, 2011	80.20	80.36	80.69	80.09	-0.16%
Jun 10, 2011	80.33	80.36	80.40	79.97	-0.03%
Jun 09, 2011	80.36	79.87	80.46	79.84	0.60%
Jun 08, 2011	79.87	80.19	80.21	79.70	-0.39%
Jun 07, 2011	80.19	80.12	80.33	79.99	0.09%
Jun 06, 2011	80.12	80.23	80.40	79.98	-0.19%
Jun 03, 2011	80.27	80.89	80.89	80.06	-0.76%
Jun 02, 2011	80.89	80.94	81.32	80.57	-0.07%
Jun 01, 2011	80.94	81.36	81.50	80.68	-0.51%
May 31, 2011	81.36	80.87	81.77	80.71	0.60%
May 30, 2011	80.87	80.87	81.02	80.77	0.09%
May 27, 2011	80.80	81.14	81.29	80.71	-0.42%
May 26, 2011	81.14	82.03	82.04	81.09	-1.09%
May 25, 2011	82.03	82.05	82.17	81.80	-0.02%
May 24, 2011	82.05	81.97	82.21	81.62	0.09%
May 23, 2011	81.97	81.66	82.08	81.32	0.32%
May 20, 2011	81.71	81.73	81.86	81.48	-0.02%
May 19, 2011	81.73	81.73	82.22	81.47	-0.00%
May 18, 2011	81.73	81.50	81.81	80.94	0.28%
May 17, 2011	81.50	80.86	81.78	80.84	0.79%
May 16, 2011	80.86	80.72	81.06	80.68	0.09%
May 13, 2011	80.79	81.01	81.09	80.35	-0.28%
May 12, 2011	81.01	81.04	81.32	80.71	-0.03%
May 11, 2011	81.04	80.97	81.32	80.62	0.09%
May 10, 2011	80.97	80.17	81.09	80.17	0.99%
May 09, 2011	80.17	80.80	80.83	80.16	-0.57%
May 06, 2011	80.63	80.32	80.93	80.21	0.40%
May 05, 2011	80.32	80.59	80.65	79.57	-0.35%
May 04, 2011	80.59	81.04	81.19	80.43	-0.55%
May 03, 2011	81.04	81.24	81.24	80.70	-0.24%
May 02, 2011	81.24	81.22	81.69	81.00	0.05%
Apr 29, 2011	81.19	81.62	81.63	81.04	-0.52%
Apr 28, 2011	81.62	82.26	82.26	81.40	-0.78%
Apr 27, 2011	82.26	81.38	82.78	81.35	1.07%
Apr 26, 2011	81.38	81.68	81.98	81.27	-0.36%
Apr 25, 2011	81.68	82.03	82.42	81.64	-0.25%
Apr 22, 2011	81.88	81.87	82.11	81.67	0.01%
Apr 21, 2011	81.87	82.50	82.50	81.62	-0.76%
Apr 20, 2011	82.50	82.77	83.10	82.27	-0.33%
Apr 19, 2011	82.77	82.48	82.88	82.37	0.35%
Apr 18, 2011	82.48	83.09	83.20	82.19	-0.80%
Apr 15, 2011	83.14	83.67	83.76	82.96	-0.63%
Apr 14, 2011	83.67	83.74	83.83	82.96	-0.09%
Apr 13, 2011	83.74	83.76	84.26	83.58	-0.02%
Apr 12, 2011	83.76	84.45	84.57	83.47	-0.82%
Apr 11, 2011	84.45	85.13	85.14	84.36	-0.35%
Apr 08, 2011	84.75	84.89	85.39	84.68	-0.17%
Apr 07, 2011	84.89	85.45	85.48	84.60	-0.65%
Apr 06, 2011	85.45	84.98	85.52	84.84	0.55%
Apr 05, 2011	84.98	84.36	85.23	84.16	0.73%
Apr 04, 2011	84.36	84.17	84.48	83.86	0.36%
Apr 01, 2011	84.06	83.43	84.73	83.37	0.76%
Mar 31, 2011	83.43	83.14	83.45	82.57	0.35%
Mar 30, 2011	83.14	82.51	83.21	82.42	0.76%
Mar 29, 2011	82.51	81.72	82.54	81.55	0.96%
Mar 28, 2011	81.72	81.58	81.85	81.53	0.47%
Mar 25, 2011	81.34	81.02	81.49	80.88	0.39%
Mar 24, 2011	81.02	80.88	81.06	80.77	0.18%
Mar 23, 2011	80.88	81.05	81.07	80.71	-0.21%
Mar 22, 2011	81.05	81.23	81.23	80.85	-0.23%
Mar 21, 2011	81.23	81.01	81.32	80.82	0.77%
Mar 18, 2011	80.61	78.99	82.00	78.99	0.02%
Mar 17, 2011	80.59	79.52	82.00	79.16	2.21%
Mar 17, 2011	78.85	77.66	79.76	77.16	-0.83%
Mar 16, 2011	79.51	79.12	79.76	78.23	1.74%
Mar 16, 2011	78.15	80.73	81.19	76.25	-3.37%
Mar 15, 2011	80.87	81.83	82.03	80.73	-1.17%
Mar 14, 2011	81.83	81.30	82.46	81.30	-0.03%
Mar 11, 2011	81.86	82.92	83.30	81.66	-1.28%
Mar 10, 2011	82.92	82.84	83.17	82.70	0.10%
Mar 09, 2011	82.84	82.82	82.93	82.58	0.03%
Mar 08, 2011	82.82	82.29	82.85	82.21	0.63%
Mar 07, 2011	82.29	82.36	82.39	81.96	-0.02%
Mar 04, 2011	82.31	82.38	83.05	82.22	-0.08%
Mar 03, 2011	82.38	81.84	82.52	81.73	0.65%
Mar 02, 2011	81.84	81.92	82.11	81.58	-0.09%
Mar 01, 2011	81.92	81.88	82.24	81.79	0.04%
Feb 28, 2011	81.88	81.64	81.98	81.62	0.25%
Feb 25, 2011	81.68	82.04	82.07	81.65	-0.44%
Feb 24, 2011	82.04	82.45	82.46	81.63	-0.49%
Feb 23, 2011	82.45	82.77	82.89	82.32	-0.39%
Feb 22, 2011	82.77	83.08	83.42	82.58	-0.38%
Feb 21, 2011	83.08	83.11	83.53	83.07	-0.13%
Feb 18, 2011	83.19	83.31	83.52	83.04	-0.15%
Feb 17, 2011	83.31	83.61	83.75	83.16	-0.36%
Feb 16, 2011	83.61	83.72	83.97	83.50	-0.13%
Feb 15, 2011	83.72	83.41	83.92	83.20	0.37%
Feb 14, 2011	83.41	83.44	83.49	83.10	-0.03%
Feb 11, 2011	83.43	83.35	83.67	83.24	0.10%
Feb 10, 2011	83.35	82.42	83.39	82.39	1.13%
Feb 09, 2011	82.42	82.30	82.67	82.21	0.14%
Feb 08, 2011	82.30	82.30	82.42	81.78	-0.00%
Feb 07, 2011	82.30	82.24	82.47	82.17	0.15%
Feb 04, 2011	82.18	81.67	82.46	81.13	0.62%
Feb 03, 2011	81.67	81.50	82.06	81.41	0.21%
Feb 02, 2011	81.50	81.42	81.86	81.36	0.10%
Feb 01, 2011	81.42	82.10	82.15	81.32	-0.83%
Jan 31, 2011	82.10	82.10	82.26	81.91	-0.04%
Jan 28, 2011	82.14	82.89	82.91	81.99	-0.92%
Jan 27, 2011	82.89	82.17	83.20	82.02	0.88%
Jan 26, 2011	82.17	82.26	82.61	81.99	-0.12%
Jan 25, 2011	82.26	82.54	82.66	81.98	-0.33%
Jan 24, 2011	82.54	82.60	82.92	82.31	-0.04%
Jan 21, 2011	82.57	82.95	83.09	82.53	-0.45%
Jan 20, 2011	82.95	82.16	83.13	82.06	0.96%
Jan 19, 2011	82.16	82.62	82.69	81.85	-0.56%
Jan 18, 2011	82.62	82.68	82.82	82.33	-0.06%
Jan 17, 2011	82.68	82.90	83.01	82.36	-0.24%
Jan 14, 2011	82.88	82.77	83.06	82.41	0.13%
Jan 13, 2011	82.77	83.09	83.15	82.55	-0.38%
Jan 12, 2011	83.09	83.36	83.46	82.81	-0.33%
Jan 11, 2011	83.36	82.72	83.49	82.72	0.78%
Jan 10, 2011	82.72	83.06	83.28	82.67	-0.51%
Jan 07, 2011	83.14	83.31	83.69	82.86	-0.20%
Jan 06, 2011	83.31	83.19	83.39	82.88	0.15%
Jan 05, 2011	83.19	82.06	83.38	81.89	1.38%
Jan 04, 2011	82.06	81.67	82.28	81.61	0.47%
Jan 03, 2011	81.67	81.13	81.75	81.13	0.63%
Dec 31, 2010	81.16	81.50	81.54	80.95	-0.42%
Dec 30, 2010	81.50	81.63	81.86	81.29	-0.15%
Dec 29, 2010	81.63	82.37	82.37	81.61	-0.89%
Dec 28, 2010	82.37	82.76	82.77	81.82	-0.48%
Dec 27, 2010	82.76	82.95	82.98	82.65	-0.14%
Dec 24, 2010	82.88	83.03	83.16	82.87	-0.18%
Dec 23, 2010	83.03	83.57	83.58	82.86	-0.64%
Dec 22, 2010	83.57	83.81	83.85	83.42	-0.29%
Dec 21, 2010	83.81	83.79	83.91	83.50	0.02%
Dec 20, 2010	83.79	84.03	84.12	83.63	-0.23%
Dec 17, 2010	83.99	84.06	84.20	83.69	-0.08%
Dec 16, 2010	84.06	84.28	84.44	83.90	-0.26%
Dec 15, 2010	84.28	83.81	84.51	83.65	0.56%
Dec 14, 2010	83.81	83.45	83.83	82.84	0.43%
Dec 13, 2010	83.45	83.99	84.35	83.11	-0.60%
Dec 10, 2010	83.95	83.83	84.01	83.46	0.14%
Dec 09, 2010	83.83	84.11	84.11	83.52	-0.33%
Dec 08, 2010	84.11	83.49	84.30	83.48	0.75%
Dec 07, 2010	83.49	82.68	83.66	82.34	0.97%
Dec 06, 2010	82.68	82.80	82.99	82.57	0.16%
Dec 03, 2010	82.55	83.84	83.85	82.53	-1.54%
Dec 02, 2010	83.84	84.14	84.37	83.50	-0.36%
Dec 01, 2010	84.14	83.69	84.40	83.39	0.54%
Nov 30, 2010	83.69	84.28	84.28	83.43	-0.70%
Nov 29, 2010	84.28	84.18	84.40	83.84	0.24%
Nov 26, 2010	84.07	83.65	84.18	83.64	0.50%
Nov 25, 2010	83.65	83.53	83.70	83.40	0.15%
Nov 24, 2010	83.53	83.27	83.66	82.95	0.31%
Nov 23, 2010	83.27	83.31	83.85	82.79	-0.05%
Nov 22, 2010	83.31	83.48	83.56	83.23	-0.26%
Nov 19, 2010	83.53	83.54	83.64	83.14	-0.01%
Nov 18, 2010	83.54	83.14	83.78	83.10	0.49%
Nov 17, 2010	83.14	83.38	83.55	83.04	-0.29%
Nov 16, 2010	83.38	83.17	83.59	82.91	0.25%
Nov 15, 2010	83.17	82.49	83.26	82.40	0.81%
Nov 12, 2010	82.50	82.43	82.65	81.66	0.08%
Nov 11, 2010	82.43	82.23	82.60	82.04	0.25%
Nov 10, 2010	82.23	81.59	82.80	81.56	0.78%
Nov 09, 2010	81.59	81.11	81.97	80.54	0.59%
Nov 08, 2010	81.11	81.16	81.43	81.01	-0.20%
Nov 05, 2010	81.27	80.79	81.48	80.62	0.59%
Nov 04, 2010	80.79	81.07	81.22	80.59	-0.35%
Nov 03, 2010	81.07	80.68	81.57	80.61	0.49%
Nov 02, 2010	80.68	80.58	80.96	80.47	0.11%
Nov 01, 2010	80.58	80.36	81.14	80.33	0.25%
Oct 29, 2010	80.39	80.94	81.08	80.39	-0.68%
Oct 28, 2010	80.94	81.58	81.70	80.87	-0.79%
Oct 27, 2010	81.58	81.42	81.99	81.38	0.20%
Oct 26, 2010	81.42	80.81	81.65	80.62	0.74%
Oct 25, 2010	80.81	81.31	81.33	80.42	-0.67%
Oct 22, 2010	81.36	81.27	81.50	80.98	0.11%
Oct 21, 2010	81.27	81.11	81.82	80.92	0.20%
Oct 20, 2010	81.11	81.46	81.47	80.85	-0.43%
Oct 19, 2010	81.46	81.18	81.92	81.15	0.34%
Oct 18, 2010	81.18	81.32	81.41	81.13	-0.35%
Oct 15, 2010	81.47	81.59	81.62	80.89	-0.14%
Oct 14, 2010	81.59	81.72	81.73	80.89	-0.16%
Oct 13, 2010	81.72	81.80	82.00	81.71	-0.10%
Oct 12, 2010	81.80	82.32	82.32	81.67	-0.63%
Oct 11, 2010	82.32	81.83	82.34	81.83	0.50%
Oct 08, 2010	81.90	82.36	82.56	81.74	-0.56%
Oct 07, 2010	82.36	82.98	83.03	82.12	-0.74%
Oct 06, 2010	82.98	83.17	83.24	82.76	-0.23%
Oct 05, 2010	83.17	83.58	83.99	82.98	-0.50%
Oct 04, 2010	83.58	83.35	83.86	83.19	0.45%
Oct 01, 2010	83.21	83.51	83.56	83.16	-0.36%
Sep 30, 2010	83.51	83.77	83.80	83.17	-0.31%
Sep 29, 2010	83.77	83.94	84.09	83.50	-0.21%
Sep 28, 2010	83.94	84.27	84.34	83.70	-0.39%
Sep 27, 2010	84.27	84.33	84.37	84.12	0.07%
Sep 24, 2010	84.21	84.57	85.39	84.12	-0.42%
Sep 23, 2010	84.57	84.59	84.67	84.27	-0.03%
Sep 22, 2010	84.59	84.99	85.00	84.28	-0.47%
Sep 21, 2010	84.99	85.72	85.72	84.97	-0.85%
Sep 20, 2010	85.72	85.75	85.80	85.51	-0.16%
Sep 17, 2010	85.86	85.81	85.93	85.60	0.05%
Sep 16, 2010	85.81	85.61	85.93	85.23	0.24%
Sep 15, 2010	85.61	83.08	85.77	82.88	3.04%
Sep 14, 2010	83.08	83.61	83.71	82.93	-0.63%
Sep 13, 2010	83.61	84.25	84.29	83.51	-0.68%
Sep 10, 2010	84.18	83.92	84.38	83.75	0.32%
Sep 09, 2010	83.92	84.00	84.02	83.50	-0.10%
Sep 08, 2010	84.00	83.75	84.04	83.35	0.29%
Sep 07, 2010	83.75	84.17	84.26	83.52	-0.50%
Sep 06, 2010	84.17	84.46	84.49	84.05	-0.20%
Sep 03, 2010	84.34	84.37	85.22	84.17	-0.04%
Sep 02, 2010	84.37	84.51	84.56	84.00	-0.17%
Sep 01, 2010	84.51	84.13	84.67	83.68	0.46%
Aug 31, 2010	84.13	84.61	84.66	83.83	-0.56%
Aug 30, 2010	84.61	85.60	85.90	84.49	-0.77%
Aug 27, 2010	85.26	84.31	85.45	84.28	1.13%
Aug 26, 2010	84.31	84.79	84.89	84.28	-0.56%
Aug 25, 2010	84.79	84.19	84.83	84.06	0.71%
Aug 24, 2010	84.19	85.08	85.16	83.60	-1.06%
Aug 23, 2010	85.08	85.56	85.64	85.07	-0.60%
Aug 20, 2010	85.60	85.20	85.82	85.20	0.46%
Aug 19, 2010	85.20	85.46	85.92	84.90	-0.30%
Aug 18, 2010	85.46	85.62	85.62	85.19	-0.18%
Aug 17, 2010	85.62	85.18	85.68	85.18	0.51%
Aug 16, 2010	85.18	85.97	85.98	85.12	-1.20%
Aug 13, 2010	86.22	86.17	86.38	85.57	0.06%
Aug 12, 2010	86.17	85.13	86.18	84.93	1.22%
Aug 11, 2010	85.13	85.32	85.46	84.73	-0.22%
Aug 10, 2010	85.32	85.93	86.24	85.18	-0.72%
Aug 09, 2010	85.93	85.35	85.95	85.34	0.49%
Aug 06, 2010	85.51	85.81	86.18	85.03	-0.34%
Aug 05, 2010	85.81	86.33	86.45	85.71	-0.60%
Aug 04, 2010	86.33	85.88	86.40	85.33	0.52%
Aug 03, 2010	85.88	86.53	86.60	85.69	-0.75%
Aug 02, 2010	86.53	86.52	86.88	86.32	0.09%
Jul 30, 2010	86.46	86.76	86.82	86.02	-0.37%
Jul 29, 2010	86.78	87.34	87.53	86.54	-0.72%
Jul 28, 2010	87.41	87.88	88.13	87.24	-0.47%
Jul 27, 2010	87.82	86.91	87.98	86.84	1.05%
Jul 26, 2010	86.91	87.67	87.72	86.83	-0.63%
Jul 23, 2010	87.46	87.22	87.50	86.74	0.28%
Jul 22, 2010	87.22	86.85	87.23	86.35	0.43%
Jul 21, 2010	86.85	87.41	87.43	86.80	-0.64%
Jul 20, 2010	87.41	86.76	87.57	86.74	0.75%
Jul 19, 2010	86.76	86.53	87.22	86.53	0.21%
Jul 16, 2010	86.57	87.43	87.50	86.30	-0.98%
Jul 15, 2010	87.43	88.30	88.41	87.24	-0.99%
Jul 14, 2010	88.30	88.83	89.11	88.09	-0.60%
Jul 13, 2010	88.83	88.76	88.87	88.19	0.08%
Jul 12, 2010	88.76	89.08	89.12	88.39	0.16%
Jul 09, 2010	88.61	88.50	88.70	88.38	0.13%
Jul 08, 2010	88.50	87.82	88.64	87.80	0.77%
Jul 07, 2010	87.82	87.64	87.84	87.03	0.21%
Jul 06, 2010	87.64	87.53	87.97	87.36	0.13%
Jul 05, 2010	87.53	87.79	88.00	87.47	-0.28%
Jul 02, 2010	87.78	87.71	88.21	87.45	0.07%
Jul 01, 2010	87.71	88.51	88.53	86.99	-0.90%
Jun 30, 2010	88.51	88.63	88.76	88.36	-0.14%
Jun 29, 2010	88.63	89.39	89.42	88.30	-0.85%
Jun 28, 2010	89.39	89.30	89.46	89.07	0.15%
Jun 25, 2010	89.25	89.60	89.77	89.23	-0.38%
Jun 24, 2010	89.60	89.94	89.97	89.23	-0.38%
Jun 23, 2010	89.94	90.39	90.57	89.75	-0.50%
Jun 22, 2010	90.39	91.03	91.11	90.34	-0.70%
Jun 21, 2010	91.03	90.56	91.48	90.34	0.37%
Jun 18, 2010	90.69	90.89	90.96	90.46	-0.21%
Jun 17, 2010	90.89	91.32	91.43	90.52	-0.48%
Jun 16, 2010	91.32	91.53	91.82	91.10	-0.22%
Jun 15, 2010	91.53	91.63	91.69	91.08	-0.11%
Jun 14, 2010	91.63	91.67	92.12	91.42	-0.03%
Jun 11, 2010	91.65	91.49	91.78	91.22	0.18%
Jun 10, 2010	91.49	91.35	91.55	90.86	0.15%
Jun 09, 2010	91.35	91.35	91.67	91.06	0.00%
Jun 08, 2010	91.35	91.56	91.93	90.84	-0.23%
Jun 07, 2010	91.56	91.63	92.08	90.98	-0.35%
Jun 04, 2010	91.89	92.59	92.89	91.43	-0.76%
Jun 03, 2010	92.59	92.09	92.80	92.04	0.54%
Jun 02, 2010	92.09	91.17	92.36	91.02	1.01%
Jun 01, 2010	91.17	91.16	91.46	90.54	0.01%
May 31, 2010	91.16	91.24	91.62	90.94	0.10%
May 28, 2010	91.07	90.99	91.41	90.61	0.08%
May 27, 2010	90.99	89.98	91.08	89.93	1.12%
May 26, 2010	89.98	90.33	90.67	89.82	-0.39%
May 25, 2010	90.33	90.11	90.49	89.26	0.25%
May 24, 2010	90.11	90.18	90.62	89.75	0.13%
May 21, 2010	89.99	89.87	90.48	89.23	0.13%
May 20, 2010	89.87	91.78	91.88	88.97	-2.08%
May 19, 2010	91.78	91.86	92.14	90.94	-0.10%
May 18, 2010	91.86	92.54	92.97	91.86	-0.73%
May 17, 2010	92.54	92.25	92.69	91.77	0.03%
May 14, 2010	92.51	92.60	93.08	91.81	-0.09%
May 13, 2010	92.60	93.19	93.64	92.59	-0.64%
May 12, 2010	93.19	92.81	93.29	92.46	0.41%
May 11, 2010	92.81	93.01	93.26	92.22	-0.23%
May 10, 2010	93.02	92.17	93.54	91.85	1.56%
May 07, 2010	91.60	91.36	93.24	90.84	0.26%
May 06, 2010	91.36	93.88	93.97	87.98	-2.68%
May 05, 2010	93.88	94.90	94.99	93.54	-1.07%
May 04, 2010	94.90	94.66	94.97	94.33	0.25%
May 03, 2010	94.66	94.12	94.78	93.85	0.86%
Apr 30, 2010	93.86	93.96	94.59	93.83	-0.12%
Apr 29, 2010	93.96	94.01	94.26	93.86	-0.05%
Apr 28, 2010	94.01	93.19	94.32	93.00	0.88%
Apr 27, 2010	93.19	93.89	94.03	92.82	-0.74%
Apr 26, 2010	93.89	94.18	94.36	93.81	-0.09%